lsc_width:17

lsc_height:13

lsc table r:
6.400,5.273,4.383,3.692,3.168,2.785,2.524,2.368,2.310,2.345,2.476,2.710,3.061,3.548,4.196,5.034,6.098
5.592,4.543,3.720,3.086,2.539,2.293,2.098,1.963,1.894,1.933,2.049,2.223,2.430,2.957,3.551,4.325,5.316
4.971,3.985,3.217,2.557,2.214,1.926,1.694,1.546,1.502,1.537,1.655,1.857,2.122,2.434,3.063,3.785,4.715
4.512,3.576,2.728,2.286,1.911,1.600,1.382,1.261,1.233,1.247,1.349,1.533,1.839,2.196,2.591,3.389,4.273
4.196,3.296,2.517,2.102,1.698,1.379,1.193,1.108,1.076,1.095,1.167,1.334,1.614,2.008,2.397,3.120,3.970
4.011,3.131,2.409,1.980,1.571,1.283,1.115,1.038,1.019,1.028,1.092,1.230,1.507,1.886,2.298,2.964,3.794
3.947,3.075,2.372,1.944,1.526,1.242,1.088,1.022,1.000,1.007,1.070,1.200,1.463,1.843,2.253,2.912,3.736
4.001,3.124,2.415,1.984,1.578,1.278,1.117,1.042,1.018,1.030,1.089,1.237,1.508,1.888,2.276,2.963,3.793
4.177,3.280,2.489,2.095,1.696,1.383,1.199,1.106,1.078,1.094,1.171,1.339,1.624,2.011,2.371,3.118,3.969
4.483,3.551,2.776,2.244,1.909,1.588,1.385,1.264,1.218,1.247,1.348,1.539,1.828,2.174,2.545,3.386,4.271
4.930,3.951,3.188,2.510,2.166,1.896,1.677,1.548,1.492,1.530,1.644,1.844,2.109,2.390,3.057,3.780,4.713
5.538,4.497,3.681,3.052,2.501,2.238,2.055,1.925,1.883,1.921,2.015,2.184,2.388,2.948,3.543,4.319,5.313
6.330,5.214,4.332,3.648,3.130,2.753,2.495,2.343,2.288,2.325,2.458,2.694,3.047,3.536,4.186,5.027,6.094

lsc table gr:
5.343,4.463,3.762,3.214,2.795,2.487,2.275,2.148,2.100,2.128,2.232,2.420,2.701,3.087,3.598,4.254,5.082
4.707,3.884,3.232,2.726,2.289,2.088,1.929,1.808,1.776,1.792,1.885,2.020,2.201,2.610,3.081,3.691,4.465
4.216,3.439,2.827,2.289,2.014,1.773,1.588,1.470,1.428,1.453,1.549,1.723,1.941,2.193,2.688,3.259,3.989
3.852,3.111,2.430,2.073,1.780,1.512,1.328,1.229,1.194,1.212,1.296,1.457,1.699,1.989,2.310,2.942,3.637
3.600,2.885,2.263,1.931,1.593,1.331,1.170,1.095,1.069,1.083,1.143,1.282,1.514,1.828,2.143,2.724,3.395
3.452,2.753,2.169,1.814,1.490,1.244,1.101,1.040,1.017,1.027,1.077,1.194,1.416,1.730,2.061,2.597,3.253
3.400,2.707,2.146,1.798,1.444,1.204,1.079,1.023,1.000,1.009,1.056,1.163,1.377,1.699,2.033,2.554,3.205
3.444,2.746,2.160,1.826,1.477,1.240,1.104,1.036,1.017,1.028,1.076,1.194,1.411,1.733,2.050,2.593,3.248
3.584,2.871,2.247,1.907,1.589,1.328,1.171,1.092,1.066,1.077,1.144,1.283,1.520,1.822,2.134,2.716,3.386
3.826,3.088,2.494,2.038,1.761,1.510,1.325,1.228,1.188,1.213,1.288,1.454,1.684,1.962,2.285,2.929,3.624
4.180,3.407,2.799,2.254,1.971,1.756,1.565,1.453,1.416,1.440,1.538,1.702,1.909,2.159,2.671,3.242,3.971
4.659,3.841,3.194,2.692,2.238,2.010,1.873,1.773,1.731,1.752,1.833,1.973,2.166,2.588,3.059,3.667,4.441
5.282,4.408,3.714,3.171,2.756,2.452,2.242,2.118,2.071,2.099,2.205,2.393,2.673,3.059,3.569,4.224,5.051

lsc table gb:
5.360,4.469,3.760,3.206,2.783,2.473,2.259,2.131,2.082,2.110,2.216,2.405,2.688,3.078,3.594,4.258,5.096
4.735,3.900,3.240,2.727,2.294,2.076,1.923,1.807,1.772,1.799,1.882,2.022,2.197,2.610,3.086,3.704,4.488
4.252,3.462,2.842,2.303,2.026,1.783,1.590,1.469,1.425,1.454,1.543,1.713,1.940,2.199,2.699,3.279,4.019
3.893,3.139,2.462,2.081,1.786,1.511,1.332,1.227,1.196,1.211,1.299,1.461,1.708,1.984,2.312,2.966,3.672
3.645,2.917,2.286,1.937,1.605,1.334,1.177,1.099,1.071,1.086,1.147,1.292,1.526,1.850,2.165,2.751,3.433
3.499,2.787,2.199,1.836,1.497,1.246,1.107,1.039,1.019,1.030,1.086,1.206,1.425,1.748,2.071,2.625,3.292
3.448,2.742,2.161,1.810,1.461,1.223,1.088,1.027,1.000,1.012,1.059,1.177,1.393,1.710,2.064,2.583,3.244
3.491,2.780,2.185,1.842,1.496,1.244,1.108,1.041,1.019,1.030,1.081,1.206,1.429,1.750,2.072,2.621,3.287
3.630,2.904,2.276,1.927,1.592,1.343,1.179,1.097,1.072,1.084,1.150,1.290,1.521,1.835,2.143,2.742,3.423
3.869,3.119,2.503,2.055,1.771,1.508,1.326,1.226,1.191,1.209,1.295,1.449,1.691,1.969,2.302,2.952,3.657
4.219,3.434,2.817,2.261,1.983,1.759,1.567,1.458,1.408,1.440,1.532,1.701,1.911,2.157,2.682,3.260,3.999
4.692,3.862,3.206,2.697,2.239,2.016,1.874,1.763,1.727,1.752,1.828,1.974,2.154,2.587,3.062,3.678,4.461
5.306,4.420,3.716,3.166,2.747,2.439,2.228,2.102,2.054,2.082,2.188,2.377,2.659,3.048,3.563,4.225,5.061

lsc table b:
5.269,4.411,3.727,3.191,2.782,2.481,2.273,2.149,2.102,2.129,2.233,2.417,2.693,3.072,3.572,4.215,5.024
4.639,3.836,3.200,2.706,2.274,2.063,1.913,1.815,1.765,1.787,1.868,2.011,2.193,2.596,3.058,3.654,4.411
4.153,3.395,2.799,2.283,2.006,1.759,1.591,1.484,1.418,1.450,1.554,1.717,1.937,2.164,2.667,3.226,3.939
3.793,3.071,2.407,2.055,1.777,1.518,1.332,1.241,1.196,1.215,1.300,1.455,1.701,1.976,2.286,2.911,3.589
3.545,2.848,2.205,1.898,1.590,1.336,1.179,1.096,1.067,1.078,1.150,1.288,1.523,1.831,2.116,2.695,3.350
3.400,2.718,2.150,1.813,1.476,1.236,1.101,1.040,1.014,1.026,1.075,1.189,1.416,1.725,2.032,2.569,3.210
3.351,2.674,2.106,1.763,1.427,1.211,1.084,1.025,1.000,1.009,1.052,1.166,1.379,1.690,2.022,2.528,3.163
3.396,2.715,2.125,1.809,1.481,1.251,1.114,1.052,1.011,1.020,1.080,1.193,1.419,1.727,2.040,2.568,3.208
3.537,2.841,2.215,1.901,1.593,1.338,1.187,1.102,1.075,1.091,1.152,1.294,1.522,1.816,2.113,2.692,3.347
3.780,3.059,2.458,2.027,1.753,1.518,1.347,1.237,1.202,1.213,1.298,1.460,1.691,1.955,2.262,2.906,3.584
4.135,3.379,2.785,2.248,1.967,1.761,1.592,1.464,1.414,1.446,1.536,1.692,1.916,2.162,2.660,3.219,3.932
4.615,3.815,3.182,2.689,2.250,2.004,1.867,1.768,1.731,1.747,1.839,1.969,2.160,2.587,3.049,3.645,4.402
5.238,4.384,3.703,3.170,2.763,2.463,2.257,2.134,2.088,2.116,2.220,2.405,2.681,3.060,3.560,4.203,5.012

gamma table x:
0,4,8,12,16,20,24,28,32,36,40,44,48,52,56,60,64,68,72,76,80,84,88,92,96,100,104,108,112,116,120,124,128,132,136,140,144,148,152,156,160,164,168,172,176,180,184,188,192,196,200,204,208,212,216,220,224,228,232,236,240,244,248,252,256,260,264,268,272,276,280,284,288,292,296,300,304,308,312,316,320,324,328,332,336,340,344,348,352,356,360,364,368,372,376,380,384,388,392,396,400,404,408,412,416,420,424,428,432,436,440,444,448,452,456,460,464,468,472,476,480,484,488,492,496,500,504,508,512,516,520,524,528,532,536,540,544,548,552,556,560,564,568,572,576,580,584,588,592,596,600,604,608,612,616,620,624,628,632,636,640,644,648,652,656,660,664,668,672,676,680,684,688,692,696,700,704,708,712,716,720,724,728,732,736,740,744,748,752,756,760,764,768,772,776,780,784,788,792,796,800,804,808,812,816,820,824,828,832,836,840,844,848,852,856,860,864,868,872,876,880,884,888,892,896,900,904,908,912,916,920,924,928,932,936,940,944,948,952,956,960,964,968,972,976,980,984,988,992,996,1000,1004,1008,1012,1016,1020,1023

gamma table y:
0,18,35,51,67,83,99,114,128,142,156,171,185,199,213,226,239,252,265,278,290,302,313,325,336,346,356,365,375,384,394,403,412,421,429,438,447,455,464,472,480,488,496,503,511,519,526,533,540,547,554,561,566,572,577,583,588,593,598,603,608,614,619,624,628,633,638,643,648,653,657,662,666,671,676,680,684,689,693,698,702,706,710,714,718,723,727,731,734,738,742,746,750,753,757,761,764,768,772,775,778,782,785,788,792,795,798,801,804,807,810,813,816,819,822,825,828,830,833,836,838,841,843,846,848,851,853,855,858,860,862,864,866,868,870,872,874,876,878,880,882,883,885,886,888,889,891,892,893,895,896,897,899,900,901,903,904,905,907,908,909,911,912,913,915,916,917,919,920,921,923,924,925,926,928,929,930,932,933,934,935,937,938,939,940,942,943,944,945,947,948,949,950,952,953,954,955,957,958,959,960,961,963,964,965,966,967,969,970,971,972,973,975,976,977,978,979,980,982,983,984,985,986,987,988,990,991,992,993,994,995,996,997,999,1000,1001,1002,1003,1004,1005,1006,1007,1008,1009,1011,1012,1013,1014,1015,1016,1017,1018,1019,1020,1021,1022,
