278264
134986
278810
134697
3888
3888
3888
3888
704388
343146
708374
343713
3888
3888
3888
3888
648305
314981
649749
315352
3888
3888
3888
3888
739403
354827
744221
355763
3888
3888
3888
3888
727130
345976
728981
347260
3888
3888
3888
3888
694270
326206
693504
325121
3888
3888
3888
3888
720064
337976
719050
337124
3888
3888
3888
3888
699423
328569
697837
327750
3888
3888
3888
3888
148997
242150
148478
241633
3888
3888
3888
3888
342157
715924
343142
720413
3888
3888
3888
3888
304434
631751
304995
631696
3888
3888
3888
3888
360855
736138
361817
735972
3888
3888
3888
3888
358447
728586
359369
730002
3888
3888
3888
3888
341823
691185
343766
692939
3888
3888
3888
3888
344443
711913
346278
710735
3888
3888
3888
3888
333139
710783
331673
710306
3888
3888
3888
3888
274546
128088
273918
129228
3888
3888
3888
3888
543192
263949
544150
263229
3888
3888
3888
3888
492643
241323
494912
241785
3888
3888
3888
3888
584232
286081
582982
285227
3888
3888
3888
3888
626802
302004
629886
302627
3888
3888
3888
3888
655086
308824
657570
310552
3888
3888
3888
3888
710931
329861
712577
330618
3888
3888
3888
3888
688942
318830
689674
318847
3888
3888
3888
3888
166117
248587
166385
247896
3888
3888
3888
3888
282702
576687
281819
574416
3888
3888
3888
3888
231351
470979
230880
470776
3888
3888
3888
3888
284712
577686
283290
578259
3888
3888
3888
3888
311329
626737
312845
628479
3888
3888
3888
3888
326188
648831
326145
651405
3888
3888
3888
3888
351916
704918
351552
706380
3888
3888
3888
3888
337832
696733
337657
697086
3888
3888
3888
3888
211122
97642
211424
98381
3888
3888
3888
3888
494961
232224
494295
232276
3888
3888
3888
3888
423208
202702
422930
203446
3888
3888
3888
3888
514981
247532
515089
247104
3888
3888
3888
3888
521466
248772
524127
250243
3888
3888
3888
3888
600776
283769
601124
284551
3888
3888
3888
3888
709735
326976
709304
327538
3888
3888
3888
3888
667379
305083
667776
305867
3888
3888
3888
3888
140868
195665
141014
198050
3888
3888
3888
3888
247056
493320
249389
494736
3888
3888
3888
3888
212684
422680
214071
423874
3888
3888
3888
3888
257779
514084
257865
512317
3888
3888
3888
3888
263640
523151
264382
524075
3888
3888
3888
3888
294519
590289
296184
590134
3888
3888
3888
3888
350895
700501
350488
700656
3888
3888
3888
3888
329104
677162
329624
675124
3888
3888
3888
3888
134973
63459
135166
63744
3888
3888
3888
3888
331564
158913
334057
159954
3888
3888
3888
3888
355076
169855
357464
169846
3888
3888
3888
3888
376470
178431
377704
178539
3888
3888
3888
3888
384183
179395
385638
180014
3888
3888
3888
3888
450047
203906
452114
203702
3888
3888
3888
3888
568245
257116
573633
260280
3888
3888
3888
3888
477726
214698
481729
215147
3888
3888
3888
3888
86764
126905
86989
128187
3888
3888
3888
3888
159313
324231
159307
324681
3888
3888
3888
3888
180165
361884
180652
363082
3888
3888
3888
3888
188123
371028
187863
373363
3888
3888
3888
3888
196299
383865
197024
386689
3888
3888
3888
3888
225929
436725
226472
437277
3888
3888
3888
3888
281456
562221
283446
568495
3888
3888
3888
3888
237905
488182
239139
492245
3888
3888
3888
3888
3704
1843
3719
1807
144
144
144
144
7978
4061
8084
3869
144
144
144
144
8100
3893
8259
3950
144
144
144
144
9830
4618
9879
4596
144
144
144
144
9485
4297
9428
4327
144
144
144
144
7716
3473
8530
3996
144
144
144
144
2428
1146
2359
1057
144
144
144
144
6934
3111
7460
3293
144
144
144
144
2138
3250
2143
3482
144
144
144
144
3743
7733
3839
7956
144
144
144
144
4019
8390
4148
8642
144
144
144
144
4605
9222
4611
9339
144
144
144
144
4707
9821
4929
9684
144
144
144
144
3918
7583
4528
8942
144
144
144
144
1180
2423
1154
2330
144
144
144
144
3390
6759
3548
6737
144
144
144
144
0
0
0
0
0
0
0
0
0
0
0
0
0
0
0
0
0
0
0
0
0
0
0
0
0
0
0
0
0
0
0
0
0
0
0
0
0
0
0
0
0
0
0
0
0
0
0
0
0
0
0
0
0
0
0
0
0
0
0
0
0
0
0
0
0
0
0
0
0
0
0
0
0
0
0
0
0
0
0
0
0
0
0
0
0
0
0
0
0
0
0
0
0
0
0
0
0
0
0
0
0
0
0
0
0
0
0
0
0
0
0
0
0
0
0
0
0
0
0
0
0
0
0
0
0
0
0
0
0
0
0
0
0
0
0
0
0
0
0
0
0
0
0
0
0
0
0
0
0
0
0
0
0
0
0
0
0
0
0
0
0
0
0
0
0
0
0
0
0
0
0
0
0
0
0
0
0
0
0
0
0
0
0
0
0
0
0
0
0
0
0
0
0
0
0
0
0
0
0
0
0
0
0
0
0
0
0
0
0
0
0
0
0
0
0
0
0
0
0
0
0
0
0
0
0
0
0
0
0
0
0
0
0
0
0
0
0
0
0
0
0
0
0
0
0
0
0
0
0
0
0
0
0
0
0
0
0
0
0
0
0
0
0
0
0
0
0
0
0
0
0
0
0
0
0
0
0
0
0
0
0
0
0
0
0
0
0
0
0
0
0
0
0
0
0
0
0
0
0
0
0
0
0
0
0
0
0
0
0
0
0
0
0
0
0
0
0
0
0
0
0
0
0
0
0
0
0
0
0
0
0
0
0
0
0
0
0
0
0
0
0
0
0
0
0
0
0
0
0
0
0
0
0
0
0
0
0
0
0
0
0
0
0
0
0
0
0
0
0
0
0
0
0
0
0
0
0
0
0
0
0
0
0
0
0
0
0
0
0
0
0
0
0
0
0
0
0
0
0
0
0
0
0
0
0
0
0
0
0
0
0
0
0
0
0
0
0
0
0
0
0
0
0
0
0
0
0
0
0
0
0
0
0
0
0
0
0
0
0
0
0
0
0
0
0
0
0
0
0
0
0
0
0
0
0
0
0
0
0
0
0
0
0
0
0
0
0
0
0
0
0
0
0
0
0
0
0
0
0
0
0
0
0
0
0
0
0
0
0
0
0
0
0
0
0
0
0
0
0
0
0
0
0
0
0
0
0
0
0
0
0
0
0
0
0
0
0
0
0
0
0
0
0
0
0
0
0
0
0
0
0
0
0
0
0
0
0
0
0
0
0
0
0
0
0
0
0
0
0
0
0
0
0
0
0
0
0
0
0
0
0
0
0
0
0
0
0
0
0
0
0
0
0
0
0
0
0
0
0
0
0
0
0
0
0
0
0
0
0
0
0
0
0
0
0
0
0
0
0
0
0
0
0
0
0
0
0
0
0
0
0
0
0
0
0
0
0
0
0
0
0
0
0
0
0
0
0
0
0
0
0
0
0
0
0
0
0
0
0
0
0
0
0
0
0
0
0
0
0
0
0
0
0
0
0
0
0
0
0
0
0
0
0
0
0
0
0
0
0
0
0
0
0
0
0
0
0
0
0
0
0
0
0
0
0
0
0
0
0
0
0
0
0
0
0
0
0
0
0
0
0
0
0
0
0
0
0
0
0
0
0
0
0
0
0
0
0
0
0
0
0
0
0
0
0
0
0
0
0
0
0
0
0
0
0
0
0
0
0
0
0
0
0
0
0
0
0
0
0
0
0
0
0
0
0
0
0
0
0
0
0
0
0
0
0
0
0
0
0
0
0
0
0
0
0
0
0
0
0
0
0
0
0
0
0
0
0
0
0
0
0
0
0
0
0
0
0
0
0
0
0
0
0
0
0
0
0
0
0
0
0
0
0
0
0
0
0
0
0
0
0
0
0
0
0
0
0
0
0
0
0
0
0
0
0
0
0
0
0
0
0
0
0
0
0
0
0
0
0
0
0
0
0
0
0
0
0
0
0
0
0
0
0
0
0
0
0
0
0
0
0
0
0
0
0
0
0
0
0
0
0
0
0
0
0
0
0
0
0
0
0
0
0
0
0
0
0
0
0
0
0
0
0
0
0
0
0
0
0
0
0
0
0
0
0
0
0
0
0
0
0
0
0
0
0
0
0
0
0
0
0
0
0
0
0
0
0
0
0
0
0
0
0
0
0
0
0
0
0
0
0
0
0
0
0
0
0
0
0
0
0
0
0
0
0
0
0
0
0
0
0
0
0
0
0
0
0
0
0
0
0
0
0
0
0
0
0
0
0
0
0
0
0
0
0
0
0
0
0
0
0
0
0
0
0
0
0
0
0
0
0
0
0
0
0
0
0
0
0
0
0
0
0
0
0
0
0
0
0
0
0
0
0
0
0
0
0
0
0
0
0
0
0
0
0
0
0
0
0
0
0
0
0
0
0
0
0
0
0
0
0
0
0
0
0
0
0
0
0
0
0
0
0
0
0
0
0
0
0
0
0
0
0
0
0
0
0
0
0
0
0
0
0
0
0
0
0
0
0
0
0
0
0
0
0
0
0
0
0
0
0
0
0
0
0
0
0
0
0
0
0
0
0
0
0
0
0
0
0
0
0
0
0
0
0
0
0
0
0
0
0
0
0
0
0
0
0
0
0
0
0
0
0
0
0
0
0
0
0
0
0
0
0
0
0
0
0
0
0
0
0
0
0
0
0
0
0
0
0
0
0
0
0
0
0
0
0
0
0
0
0
0
0
0
0
0
0
0
0
0
0
0
0
0
0
0
0
0
0
0
0
0
0
0
0
0
0
0
0
0
0
0
0
0
0
0
0
0
0
0
0
0
0
0
0
0
0
0
0
0
0
0
0
0
0
0
0
0
0
0
0
0
0
0
0
0
0
0
0
0
0
0
0
0
0
0
0
0
0
0
0
0
0
0
0
0
0
0
0
0
0
0
0
0
0
0
0
0
0
0
0
0
0
0
0
0
0
0
0
0
0
0
0
0
0
0
0
0
0
0
0
0
0
0
0
0
0
0
0
0
0
0
0
0
0
0
0
0
0
0
0
0
0
0
0
0
0
0
0
0
0
0
0
0
0
0
0
0
0
0
0
0
0
0
0
0
0
0
0
0
0
0
0
0
0
0
0
0
0
0
0
0
0
0
0
0
0
0
0
0
0
0
0
0
0
0
0
0
0
0
0
0
0
0
0
0
0
0
0
0
0
0
0
0
0
0
0
0
-842150451
-842150451
-842150451
-36844083
16645629
0
-1409664943
201385821
675025408
512
675025488
512
0
0
0
1
1024
0
170
-33686019
2687
1940
5331
4930
3519
3087
2977
2517
2018
1866
2103
2556
2871
3295
3389
3276
3486
3895
4741
6031
7340
7804
7990
7942
8194
9046
9998
10867
11443
11903
12498
12835
12852
12339
11137
9512
7647
5939
4381
3078
2171
1423
786
408
197
85
30
5
2
0
1
0
0
0
0
0
0
0
0
0
0
0
0
0
0
0
0
0
0
0
0
0
0
0
0
0
0
0
0
0
0
0
0
0
0
0
0
0
0
0
0
0
0
0
0
0
0
0
0
0
0
0
0
0
0
0
0
0
0
0
0
0
0
0
0
0
0
0
0
0
0
0
0
0
0
0
0
0
0
0
0
0
0
0
0
0
0
0
0
0
0
0
0
0
0
0
0
0
0
0
0
0
0
0
0
0
0
0
0
0
0
0
0
0
0
0
0
0
0
0
0
0
0
0
0
0
0
0
0
0
0
0
0
0
0
0
0
0
0
0
0
0
0
0
0
0
0
0
0
0
0
0
0
0
0
0
0
0
0
0
0
0
0
0
0
0
0
0
0
0
0
0
0
0
0
0
0
0
0
0
0
0
0
0
0
0
0
0
0
0
0
0
0
0
0
0
0
0
0
0
0
0
0
0
0
758640
-33686019
0
1442462126
218162462
675025488
512
675318256
512
0
0
0
1
7023
0
172
-33686019
-84215046
-84215046
675304688
512
0
0
0
0
0
0
0
0
0
0
0
0
0
0
0
0
0
0
0
0
0
0
0
0
0
0
0
0
0
0
0
0
0
0
0
0
0
0
0
0
0
0
0
0
0
0
0
0
0
0
0
0
0
0
0
0
0
0
0
0
0
0
0
0
0
0
0
0
0
0
0
0
0
0
0
0
0
0
0
0
0
0
0
0
0
0
0
0
0
0
0
0
0
0
0
0
0
0
0
0
0
0
0
0
0
0
0
0
0
0
0
0
0
0
0
0
0
0
0
0
0
0
0
0
0
0
0
0
0
0
0
0
0
0
0
0
0
0
0
0
0
0
0
0
0
0
0
0
0
0
0
0
0
0
0
0
0
0
0
0
0
0
0
0
0
0
0
0
0
0
0
0
0
0
0
0
0
0
0
0
0
0
0
0
0
0
0
0
0
0
0
0
0
0
0
0
0
0
0
0
0
0
0
0
0
0
0
0
0
0
0
0
0
0
0
0
0
0
0
0
0
0
0
0
0
0
0
0
0
0
0
0
0
0
0
0
0
0
0
0
0
0
0
0
0
0
0
0
0
0
0
0
0
0
0
0
0
0
0
0
0
0
0
0
0
0
0
0
0
0
0
0
0
0
0
0
0
0
0
0
0
0
0
0
0
0
0
0
0
0
0
0
0
0
0
0
0
0
0
0
0
0
0
0
0
0
0
0
0
0
0
0
0
0
0
0
0
0
0
0
0
0
0
0
0
0
0
0
0
0
0
0
0
0
0
0
0
0
0
0
0
0
0
0
0
0
0
0
0
0
0
0
0
0
0
0
0
0
0
0
0
0
0
0
0
0
0
0
0
0
0
0
0
0
0
0
0
0
0
0
0
0
0
0
0
0
0
0
0
0
0
0
0
0
0
0
0
0
0
0
0
0
0
0
0
0
0
0
0
0
0
0
0
0
0
0
0
0
0
0
0
0
0
0
0
0
0
0
0
0
0
0
0
0
0
0
0
0
0
0
0
0
0
0
0
0
0
0
0
0
0
0
0
0
0
0
0
0
0
0
0
0
0
0
0
0
0
0
0
0
0
0
0
0
0
0
0
0
0
0
0
0
0
0
0
0
0
0
0
0
0
0
0
0
0
0
0
0
0
0
0
0
0
0
0
0
0
0
0
0
0
0
0
0
0
0
0
0
0
0
0
0
0
0
0
0
0
0
0
0
0
0
0
0
0
0
0
0
0
0
0
0
0
0
0
0
0
0
0
0
0
0
0
0
0
0
0
0
0
0
0
0
0
0
0
0
0
0
0
0
0
0
0
0
0
0
0
0
0
0
0
0
0
0
0
0
0
0
0
0
0
0
0
0
0
0
0
0
0
0
0
0
0
0
0
0
0
0
0
0
0
0
0
0
0
0
0
0
0
0
0
0
0
0
0
0
0
0
0
0
0
0
0
0
0
0
0
0
0
0
0
0
0
0
0
0
0
0
0
0
0
0
0
0
0
0
0
0
0
0
0
0
0
0
0
0
0
0
0
0
0
0
0
0
0
0
0
0
0
0
0
0
0
0
0
0
0
0
0
0
0
0
0
0
0
0
0
0
0
0
0
0
0
0
0
0
0
0
0
0
0
0
0
0
0
0
0
0
0
0
0
0
0
0
0
0
0
0
0
0
0
0
0
0
0
0
0
0
0
0
0
0
0
0
0
0
0
0
0
0
0
0
0
0
0
0
0
0
0
0
0
0
0
0
0
0
0
0
0
0
0
0
0
0
0
0
0
0
0
0
0
0
0
0
0
0
0
0
0
0
0
0
0
0
0
0
0
0
0
0
0
0
0
0
0
0
0
0
0
0
0
0
0
0
0
0
0
0
0
0
0
0
0
0
0
0
0
0
0
0
0
0
0
0
0
0
0
0
0
0
0
0
0
0
0
0
0
0
0
0
0
0
0
0
0
0
0
0
0
0
0
0
0
0
0
0
0
0
0
0
0
0
0
0
0
0
0
0
0
0
0
0
0
0
0
0
0
0
0
0
0
0
0
0
0
0
0
0
0
0
0
0
0
0
0
0
0
0
0
0
0
0
0
0
0
0
0
0
0
0
0
0
0
0
0
0
0
0
0
0
0
0
0
0
0
0
0
0
0
0
0
0
0
0
0
0
0
0
0
0
0
0
0
0
0
0
0
0
0
0
0
0
0
0
0
0
0
0
0
0
0
0
0
0
0
0
0
0
0
0
0
0
0
0
0
0
0
0
0
0
0
0
0
0
0
0
0
0
0
0
0
0
0
0
0
0
0
0
0
0
0
0
0
0
0
0
0
0
0
0
0
0
0
0
0
0
0
0
0
0
0
0
0
0
0
0
0
0
0
0
0
0
0
0
0
0
0
0
0
0
0
0
0
0
0
0
0
0
0
0
0
0
0
0
0
0
0
0
0
0
0
0
0
0
0
0
0
0
0
0
0
0
0
0
0
0
0
0
0
0
0
0
0
0
0
0
0
0
0
0
0
0
0
0
0
0
0
0
0
0
0
0
0
0
0
0
0
0
0
0
0
0
0
0
0
0
0
0
0
0
0
0
0
0
0
0
0
0
0
0
0
0
0
0
0
0
0
0
0
0
0
0
0
0
0
0
0
0
0
0
0
0
0
0
0
0
0
0
0
0
0
0
0
0
0
0
0
0
0
0
0
0
0
0
0
0
0
0
0
0
0
0
0
0
0
0
0
0
0
0
0
0
0
0
0
0
0
0
0
0
0
0
0
0
0
0
0
0
0
0
0
0
0
0
0
0
0
0
0
0
0
0
0
0
0
0
0
0
0
0
0
0
0
0
0
0
0
0
0
0
0
0
0
0
0
0
0
0
0
0
0
0
0
0
0
0
0
0
0
0
0
0
0
0
0
0
0
0
0
0
0
0
0
0
0
0
0
0
0
0
0
0
0
0
0
0
0
0
0
0
0
0
0
0
0
0
0
0
0
0
0
0
0
0
0
0
0
0
0
0
0
0
0
0
0
0
0
0
0
0
0
0
0
0
0
0
0
0
0
0
0
0
0
0
0
0
0
0
0
0
0
0
0
0
0
0
0
0
0
0
0
0
0
0
0
0
0
0
0
0
0
0
0
0
0
0
0
0
0
0
0
0
0
0
0
0
0
0
0
0
0
0
0
0
0
0
0
0
0
0
0
0
0
0
0
0
0
0
0
0
0
0
0
0
0
0
0
0
0
0
0
0
0
0
0
0
0
0
0
0
0
0
0
0
0
0
0
0
0
0
0
0
0
0
0
0
0
0
0
0
0
0
0
0
0
0
0
0
0
0
0
0
0
0
0
0
0
0
0
0
0
0
0
0
0
0
0
0
0
0
0
0
0
0
0
0
0
0
0
0
0
0
0
0
0
0
0
0
0
0
0
0
0
0
0
0
0
0
0
0
0
0
0
0
0
0
0
0
0
0
0
0
0
0
0
0
0
0
0
0
0
0
0
0
0
0
0
0
0
0
0
0
0
0
0
0
0
0
0
0
0
0
0
0
0
0
0
0
0
0
0
0
0
0
0
0
0
0
0
0
0
0
0
0
0
0
0
0
0
0
0
0
0
0
0
0
0
0
0
0
0
0
0
0
0
0
0
0
0
0
0
0
0
0
0
0
0
0
0
0
0
0
0
0
0
0
0
0
0
0
0
0
0
0
0
0
0
0
0
0
0
0
0
0
0
0
0
0
0
0
0
0
0
0
0
0
0
0
0
0
0
0
0
0
0
0
0
0
0
0
0
0
0
0
0
0
0
0
0
0
0
0
0
0
0
0
0
0
0
0
0
0
0
0
0
0
0
0
0
0
0
0
0
0
0
0
0
0
0
0
0
0
0
0
0
0
0
0
0
0
0
0
0
0
0
0
0
0
0
0
0
0
0
0
0
0
0
0
0
0
0
0
0
0
0
0
0
0
0
0
0
0
0
0
-842150451
-842150451
-842150451
-842150451
-842150451
-842150451
-842150451
-36844083
16645629
0
1744451741
134276321
674891752
1066359849
0
512
0
314906752
32765
314906832
32765
314906880
32765
314910096
32765
314910768
32765
9
0
0
0
0
0
0
0
0
0
0
0
0
0
0
0
0
3900
1600
100
0
0
0
0
0
0
1
0
0
0
0
0
0
0
0
0
0
0
0
0
100
1500
1000
1500
0
0
0
0
0
0
0
0
0
0
0
0
0
0
0
0
0
0
0
0
0
0
0
0
0
0
0
0
0
0
0
0
0
0
0
0
0
0
0
0
0
0
0
0
0
0
0
0
0
0
0
0
0
0
0
0
0
0
0
0
0
0
0
0
0
0
0
0
0
0
0
0
0
0
0
0
0
0
0
0
0
0
0
0
0
0
0
0
0
0
0
0
0
0
0
0
0
0
0
0
0
0
0
0
0
0
0
0
0
0
0
0
0
0
0
0
0
0
0
0
0
0
0
0
0
0
0
0
0
0
0
0
0
0
0
0
0
0
0
0
0
0
0
0
0
0
0
0
0
0
0
0
0
0
0
0
0
0
0
0
0
0
0
0
0
0
0
0
0
0
0
0
0
0
0
0
0
0
0
0
0
0
0
0
0
0
0
0
0
0
0
0
0
0
0
0
0
0
0
0
0
0
0
0
0
0
0
0
0
0
0
0
0
0
0
0
0
0
0
0
0
0
0
0
0
0
0
0
0
0
0
0
0
0
0
0
0
0
0
0
0
0
0
0
0
0
0
0
0
0
0
0
0
0
0
0
0
0
0
0
0
0
0
0
0
0
0
0
0
0
0
0
0
0
0
0
0
0
0
0
0
0
0
0
0
0
0
0
0
0
0
0
0
0
0
0
0
0
0
0
0
0
0
0
0
0
0
0
0
0
0
0
0
0
0
0
0
0
0
0
0
0
0
0
0
0
0
0
0
0
0
0
0
0
0
0
0
0
0
0
0
0
0
0
0
0
0
0
0
0
0
0
0
0
0
0
0
0
0
0
0
0
0
0
0
0
0
0
0
0
0
0
0
0
0
0
0
0
0
0
0
0
0
0
0
0
0
0
0
0
0
0
0
0
0
0
0
0
0
0
0
0
0
0
0
0
0
0
0
0
0
0
13
3844
5270
6553700
100
0
0
0
0
0
0
0
0
0
0
0
0
0
0
0
0
0
0
0
0
0
0
0
0
0
0
0
0
0
0
0
0
0
0
0
0
0
0
0
0
0
0
0
0
0
0
0
0
0
0
0
0
0
0
0
0
0
0
0
0
0
0
0
0
314985072
32765
-805685195
134276562
675315456
512
674942400
512
675014272
512
674940032
512
675013040
512
674993536
512
675316016
512
675013488
512
675132272
512
674941632
512
675014384
512
674941152
512
674995648
512
675042928
512
674997184
512
675324560
512
674941248
512
674996288
512
674942496
512
674997440
512
675316096
512
674941824
512
675042640
512
675315536
512
675134128
512
675318528
512
675315296
512
675328384
512
675042736
512
674995904
512
674994304
512
675317056
512
674942208
512
675315616
512
675318768
512
674994560
512
675315936
512
675014608
512
675318336
512
675042784
512
675042832
512
674994816
512
674941440
512
675318176
512
674941344
512
675317136
512
674993792
512
675318416
512
675330000
512
674996032
512
675318992
512
675330576
512
674995008
512
675330704
512
674996416
512
675132720
512
675332016
512
674995712
512
675316656
512
675330096
512
675329856
512
675329712
512
0
0
-403556076
268494202
675041168
512
675134128
512
12
-253701952
1272868225
3604530
50
0
675314464
512
432012323
-4153
7340115
6488165
4390973
6029370
1633489026
-1946156946
675317216
512
675316176
512
2001635464
32764
70
2
16
0
1754
-33686019
2001638656
32764
1
-842150451
-33686019
5701724
1632637065
-1946156700
675334800
512
675333840
512
0
0
0
1
16
0
179
-33686019
1042795928
187
0
0
-33686019
3342431
1633095820
-2147483088
-572662307
-572662307
-572662307
-572662307
-572662307
-572662307
-572662307
-572662307
-572662307
-572662307
-572662307
-572662307
-572662307
-572662307
-572662307
-572662307
-572662307
0
1632243955
-2147482831
-572662307
-572662307
-572662307
-572662307
-572662307
-572662307
-572662307
-572662307
-572662307
-572662307
-572662307
-572662307
-572662307
-572662307
-572662307
-572662307
-572662307
7471205
1631654134
-2147482508
-572662307
-572662307
-572662307
-572662307
-572662307
-572662307
-572662307
-572662307
-572662307
-572662307
-572662307
-572662307
-572662307
-572662307
-572662307
-572662307
-572662307
5505107
1631850749
-1946155698
734304384
512
675316336
512
2001635464
32764
70
2
16
0
1736
-33686019
-842150451
-842150451
675015360
512
-33686019
51
1635455200
-2147482035
-572662307
-572662307
-572662307
-572662307
-572662307
-572662307
-572662307
-572662307
-572662307
-572662307
-572662307
-572662307
-572662307
-572662307
-572662307
-572662307
-572662307
4390979
1635651815
-2147481789
-572662307
-572662307
-572662307
-572662307
-572662307
-572662307
-572662307
-572662307
-572662307
-572662307
-572662307
-572662307
-572662307
-572662307
-572662307
-572662307
-572662307
5898305
1635061994
-2147481526
-572662307
-572662307
-572662307
-572662307
-572662307
-572662307
-572662307
-572662307
-572662307
-572662307
-572662307
-572662307
-572662307
-572662307
-572662307
-572662307
-572662307
4259905
1634210001
-2147481279
-572662307
-572662307
-572662307
-572662307
-572662307
-572662307
-572662307
-572662307
-572662307
-572662307
-572662307
-572662307
-572662307
-572662307
-572662307
-572662307
-572662307
4456516
1634668756
-1778382249
5374032
4390991
5439557
5177427
6226002
5374017
4718659
5505097
4390981
5570644
4522066
4259901
4456525
3407926
0
0
0
0
1633816795
-1778381970
734510032
512
675317856
512
1735032808
32764
64
2
6
0
1786
-33686019
2
-33750973
-572654083
-572662307
-572662307
4259905
1629032670
-1845490632
4980801
5570636
4522067
5439570
5374032
4587599
4980809
3997765
3801155
5242972
7274610
7471207
7143521
6357060
6357108
0
0
0
1629229253
-2013262509
6357104
6815860
4456509
6029370
6357043
7077985
7274599
3342428
6029409
4259891
6881363
7667821
6029404
6881388
6029410
6619236
7667810
103
1628639432
-1811935676
7471184
6750319
6357106
5701741
3407926
3276851
4390973
6029370
7471184
6750319
6357106
2097261
6881350
6619244
115
0
0
0
1628836047
-1946153168
675318256
512
675333072
512
0
0
0
1
16
0
175
-33686019
1042795800
187
0
0
-33686019
6553706
1628249906
-1946152883
675331344
512
675315856
512
0
0
0
1
16
0
1669
-33686019
1043324152
187
0
0
-33686019
7667796
1627397945
-1946152618
675315776
512
675351536
512
0
0
0
1
16
0
1671
-33686019
1042794360
187
0
0
-33686019
6029370
1627856700
-1811934619
5505105
4784196
3997778
3801156
5308508
6029428
3014710
3014711
6029360
7536749
6488182
3145778
3735601
3539039
52
0
0
0
1631199011
-2013260990
7274563
5439597
6619248
3997795
3801155
5701724
7209065
7274596
7536759
7536732
7536761
6619252
3342445
6029362
7143523
3014756
7864421
101
1630609190
-1946151857
7209039
4456549
6881394
6619254
4390973
6029370
7536725
7471205
6029427
7078003
6357113
6750318
5177436
6619246
7471172
7733353
101
0
1630805805
-1946151562
675314496
512
675363552
512
2001639544
32764
35
2
16
0
1768
-33686019
675025696
512
675314544
512
-33686019
7274563
1630215952
-2147477899
-572662307
-572662307
-572662307
-572662307
-572662307
-572662307
-572662307
-572662307
-572662307
-572662307
-572662307
-572662307
-572662307
-572662307
-572662307
-572662307
-572662307
0
1630412567
-1946151073
675314896
512
675317616
512
2001635464
32764
70
2
16
0
1737
-33686019
-842150451
-842150451
675015360
512
-33686019
7667810
1629822746
-1761601456
675317696
512
734510032
512
2001635464
32764
529
2
5
0
1782
-33686019
1702195828
-33686272
253
-572662307
-572662307
3866693
1641553665
-2147477165
-572662307
-572662307
-572662307
-572662307
-572662307
-572662307
-572662307
-572662307
-572662307
-572662307
-572662307
-572662307
-572662307
-572662307
-572662307
-572662307
-572662307
7274601
1642012420
-2147476881
-572662307
-572662307
-572662307
-572662307
-572662307
-572662307
-572662307
-572662307
-572662307
-572662307
-572662307
-572662307
-572662307
-572662307
-572662307
-572662307
-572662307
6357091
1641160459
-1811932339
5439574
5242975
7471205
6226022
6619219
7536755
7274601
6226030
4390983
6619208
7340129
7274563
7209077
3997812
50
0
0
0
1640570638
-1879040923
1126210320
32765
1126454848
32765
0
0
-1487995392
1324946622
-2079020643
36915157
0
124188
-1487995392
1324946622
-2079020643
36915157
0
0
1640767349
-2147476156
-572662307
-572662307
-572662307
-572662307
-572662307
-572662307
-572662307
-572662307
-572662307
-572662307
-572662307
-572662307
-572662307
-572662307
-572662307
-572662307
-572662307
7077993
1640177528
-2147475914
-572662307
-572662307
-572662307
-572662307
-572662307
-572662307
-572662307
-572662307
-572662307
-572662307
-572662307
-572662307
-572662307
-572662307
-572662307
-572662307
-572662307
5242880
1640374143
-2147475645
-572662307
-572662307
-572662307
-572662307
-572662307
-572662307
-572662307
-572662307
-572662307
-572662307
-572662307
-572662307
-572662307
-572662307
-572662307
-572662307
-572662307
3342384
1643978594
-1811931022
7471184
6750319
6357106
4587629
7077993
7536741
4390973
6029370
7471184
6750319
6357106
2097261
6881350
6619244
115
0
0
0
1643126633
-1811930822
5439573
5374021
5111876
4456531
5046351
4784193
3997774
5374023
5636161
5505097
5767257
3014738
5177420
4259907
76
0
0
0
1643585388
-1946148249
675317616
512
675314496
512
-239622176
32758
35
2
16
0
1753
-33686019
0
0
675317664
512
-33686019
7471207
1642733395
-2147474656
-572662307
-572662307
-572662307
-572662307
-572662307
-572662307
-572662307
-572662307
-572662307
-572662307
-572662307
-572662307
-572662307
-572662307
-572662307
-572662307
-572662307
5701724
1642143574
-2147474332
-572662307
-572662307
-572662307
-572662307
-572662307
-572662307
-572662307
-572662307
-572662307
-572662307
-572662307
-572662307
-572662307
-572662307
-572662307
-572662307
-572662307
7602291
1642340189
-2147474125
-572662307
-572662307
-572662307
-572662307
-572662307
-572662307
-572662307
-572662307
-572662307
-572662307
-572662307
-572662307
-572662307
-572662307
-572662307
-572662307
-572662307
4980802
1637556032
-1946147267
675327424
512
675317776
512
0
0
0
1
16
0
1677
-33686019
1043324584
187
0
0
-33686019
7733363
1637752647
-1946147024
675316336
512
675317216
512
2001635464
32764
70
2
16
0
1739
-33686019
2001637096
32764
1
-842150451
-33686019
116
1637162826
-1778374564
734309296
512
675316416
512
2001635464
32764
529
2
6
0
1781
-33686019
1936482662
-33750939
-572654083
-572662307
-572662307
4915310
1636310961
-1946146499
675317536
512
675351744
512
0
0
0
1
16
0
1678
-33686019
1043324648
187
0
0
-33686019
7471172
1636769716
-1946146203
675315376
512
675373632
512
2001639544
32764
35
2
16
0
1787
-33686019
675316224
512
675363600
512
-33686019
6619251
1635917755
-1946145956
675333072
512
675334800
512
0
0
0
1
16
0
177
-33686019
1042795864
187
0
0
-33686019
6881377
1639522238
-2147472279
-572662307
-572662307
-572662307
-572662307
-572662307
-572662307
-572662307
-572662307
-572662307
-572662307
-572662307
-572662307
-572662307
-572662307
-572662307
-572662307
-572662307
6750318
1639718821
-1879036560
0
-572662307
-572662307
-572662307
-572662307
-572662307
-572662307
-572662307
89
28
0
0
1
-572662307
-572662307
-572662307
-572662307
5505097
1639129000
-1879036334
6815828
6619250
6553697
6553701
6357079
7602281
6881348
7077985
6750319
7340100
4391017
7209071
6619252
7602296
2949181
52
0
0
1639325615
-1946144942
675304640
512
675315696
512
0
0
0
1
16
0
173
-33686019
1042794296
187
0
0
-33686019
6357113
1638735762
-1912590336
6619219
7733362
6488169
4718693
6422645
7274572
5439591
7536741
6881395
7209071
6619211
3997817
4325443
3670071
4390980
4325431
0
0
1637883801
-2013253265
5439573
5374021
5177412
4259917
5111881
5374047
4259919
4784205
4653134
5374032
4587599
4980809
3997765
5374023
5636161
5505097
5767257
82
7602259
6553717
7274601
3276832
3276848
50
6881366
7667827
-520472550
234939483
7012432
4456551
6684773
7340097
7078000
6488169
7602273
7274601
4391022
7209071
6881382
4587623
7077993
3997797
3801155
5570652
6619251
7536754
7536732
7929964
7209057
6029415
7340097
4456560
7602273
6029409
7274572
6357091
6029420
6881357
7471203
7536751
6684783
6029428
6881366
7667827
7077985
7602259
6553717
7274601
3211356
3014711
6225968
6684724
6422629
6488162
6357041
6553692
7733349
7209061
3014774
7864421
3014757
7274595
6684782
6750313
0
0
-503695333
167830869
5439568
7274573
7667812
6619244
6357072
6815860
4390973
6029370
7471184
6750319
6357106
2097261
6881350
6619244
6029427
6881367
6553710
7798895
5242995
7798895
7471205
6815827
7077989
6029420
7274573
7667812
6619244
3866739
3801155
5701724
7209065
7274596
7536759
7536732
7536761
6619252
3342445
6029362
6881367
6553710
7798895
5242995
7798895
7471205
6815827
7077989
6029420
3211382
3145774
5046364
6553711
7078005
7536741
0
-419809252
369157460
6881366
7667827
7077985
7602259
6553717
7274601
6881348
3997810
3801155
5570652
6619251
7536754
7536732
7929964
7209057
6029415
7274564
7667811
6619245
7602286
6029427
6881366
7667827
7077985
5439520
7667828
6881380
2097263
3145778
3276850
0
0
0
0
-268814060
268494163
1096485408
1344291653
1566797682
825046576
925966393
976630074
1075852848
1819042139
1633641065
1702059877
1701076852
1600615778
1600614252
1734437990
1766596701
825910638
1530541104
1330007625
1701060701
543651170
1702258028
1869885292
1818846815
874527333
537538607
1161911050
1917853763
811426671
959524150
976695584
809121329
1530929206
1768713313
1700880226
1952802655
1600285036
1936876918
1567518569
1852394528
825309797
1230715443
1565476430
541409568
980575606
842019360
827744052
171061550
1096485408
1344291653
1566797682
825046576
925966393
976630074
1075852848
1600479579
1953066601
1567383913
1852394528
875903589
1313430330
542986054
1981826369
540701285
875704370
774985311
168440369
1096485408
1344291653
1566797682
825046576
925966393
976630074
1075852848
1819042139
1633641065
1869373285
1969644641
542991214
1701734732
943075642
1313430330
542986054
1701667171
1226858866
807418436
1527390218
541279553
1668248144
758526045
824195377
909195831
540422202
1700879168
1768843615
1818323316
1766596701
825910638
1530541875
1330007625
1850286173
1881175145
1147498601
2036427877
537539616
1161911050
1917853763
811426671
959524150
976695584
809121329
1530929206
1768713313
1700880226
1952805727
1650811999
1818191733
1717528431
1567056236
1852394528
808532581
1230715444
1565476430
1650811936
1814062965
1818588773
1601139759
1701603686
791945274
169871920
1128612187
1869762592
909139299
540619053
825898801
909130294
1633370144
1651076204
1600479583
1819567463
1985962601
1769173605
542994031
1701734732
858861882
1313430330
542986054
1981826369
540701285
875704370
774985311
537539121
1161911050
1917853763
811426671
959524150
976695584
809121329
1530929206
1767859553
1769236846
542993505
1701734732
976500026
1179535707
1092640079
1702240325
840972914
1597256240
825110870
537528882
1161911050
1917853763
811426671
959524150
976695584
809121329
1530929206
1768713313
1700880226
1634692191
1853187684
1277189475
979725929
976762417
1179535707
1663065423
1919249761
1145643105
170991674
1096485408
1344291653
1566797682
825046576
925966393
976630074
1075852848
1600479579
1953066601
1567383913
1852394528
858864229
1230715447
1565476430
1768835360
1768956020
1698981232
544825708
1178667572
1702240324
824195698
667694
0
0
0
0
0
0
0
0
0
0
0
0
0
0
0
0
0
0
0
0
0
0
0
0
0
0
0
0
0
0
0
0
0
0
0
0
0
0
0
0
0
0
0
0
0
0
0
0
0
0
0
0
0
0
0
0
0
0
0
0
0
0
0
0
0
0
0
0
0
0
0
0
0
0
0
0
0
0
0
0
0
0
0
0
0
0
0
0
0
0
0
0
0
0
0
0
0
0
0
0
0
0
0
0
0
0
0
0
0
0
0
0
0
0
0
0
0
0
0
0
0
0
0
0
0
0
0
0
0
0
0
0
0
0
0
0
0
0
0
0
0
0
0
0
0
0
0
0
0
0
0
0
0
0
0
0
0
0
0
0
0
0
0
0
0
0
0
0
0
0
0
0
0
0
0
0
0
0
0
0
0
0
0
0
0
0
0
0
0
0
0
0
0
0
0
0
0
0
0
0
0
0
0
0
0
0
0
0
0
0
0
0
0
0
0
0
0
0
0
0
0
0
0
0
0
0
0
0
0
0
0
0
0
0
0
0
0
0
0
0
0
0
0
0
0
0
0
0
0
0
0
0
0
0
0
0
0
0
0
0
0
0
0
0
0
0
0
0
0
0
0
0
0
0
0
0
0
0
0
0
0
0
0
0
0
0
0
0
0
0
0
0
0
0
0
0
0
0
0
0
0
0
0
0
0
0
0
0
0
0
0
0
0
0
0
0
0
0
0
0
0
0
0
0
0
0
0
0
0
0
0
0
0
0
0
0
0
0
0
0
0
0
0
0
0
0
0
0
0
0
0
0
0
0
0
0
0
0
0
0
0
0
0
0
0
0
0
0
0
0
0
0
0
0
0
0
0
0
0
0
0
0
0
0
0
0
0
0
0
0
0
0
0
0
0
0
0
0
0
0
0
0
0
0
0
0
0
0
0
0
0
0
0
0
0
0
0
0
0
0
0
0
0
0
0
0
0
0
0
0
0
0
0
0
0
0
0
0
0
0
0
0
0
0
0
0
0
0
0
0
0
0
0
0
0
0
0
0
0
0
0
0
0
0
0
0
0
0
0
0
0
0
0
0
0
0
0
0
0
0
0
0
0
0
0
0
0
0
0
0
0
0
0
0
0
0
0
0
0
0
0
0
0
0
0
0
0
0
0
0
0
0
0
0
0
0
0
0
0
0
0
0
0
0
0
0
0
0
0
0
0
0
0
0
0
0
0
0
0
0
0
0
0
0
0
0
0
0
0
0
0
0
0
0
0
0
0
0
0
0
0
0
0
0
0
0
0
0
0
0
0
0
0
0
0
0
0
0
0
0
0
0
0
0
0
0
0
0
0
0
0
0
0
0
0
0
0
0
0
0
0
0
0
0
0
0
0
0
0
0
0
0
0
0
0
0
0
0
0
0
0
0
0
0
0
0
0
0
0
0
0
0
0
0
0
0
0
0
0
0
0
0
0
0
0
0
0
0
0
0
0
0
0
0
0
0
0
0
0
0
0
0
0
0
0
0
0
0
0
0
0
0
0
0
0
0
0
0
0
0
0
0
0
0
0
0
0
0
0
0
0
0
0
0
0
0
0
0
0
0
0
0
0
0
0
0
0
0
0
0
0
0
0
0
0
0
0
0
0
0
0
0
0
0
0
0
0
0
0
0
0
0
0
0
0
0
0
0
0
0
0
0
0
0
0
0
0
0
0
0
0
0
0
0
0
0
0
0
0
0
0
0
0
0
0
0
0
0
0
0
0
0
0
0
0
0
0
0
0
0
0
0
0
0
0
0
0
0
0
0
0
0
0
0
0
0
0
0
0
0
0
0
0
0
0
0
0
0
0
0
0
0
0
0
0
-453363682
201385051
1
0
674954800
512
420552464
32765
420552768
32765
420552816
32765
420553264
32765
420553392
32765
420553952
32765
2
6300
2328
1744
0
0
0
0
0
0
1
1
1
976630074
1075852848
1819042139
1633641065
1701273445
1651076212
1919252063
1852795251
1766596701
825910638
420578864
32765
1161896029
-403032035
234939729
675323952
512
674974768
512
1735242288
32764
129
2
62
0
185
-33686019
4980801
5570636
4522067
5439570
5374032
4587599
4980809
3997765
3801155
5242972
7274610
7471207
7143521
6357060
6357108
-33751040
1600323069
1818191201
-302303210
58706
675035552
512
674960112
512
1835098912
543257189
540689481
5177392
5046337
5111881
-101042173
134276441
1128318816
32765
1
0
19
0
0
1
675239828
512
0
0
675239824
512
0
0
0
0
1128527328
32765
0
0
0
0
0
0
1128527328
32765
0
0
0
0
0
0
1128527328
32765
0
0
0
0
0
0
1128527328
32765
0
0
0
0
0
0
1128527328
32765
0
0
0
0
0
0
0
0
0
0
1128525856
32765
0
0
0
0
1128317920
32765
1128318304
32765
1128284160
32765
0
0
0
0
0
0
0
0
0
0
0
0
-872794063
335603020
675334512
512
675323424
512
1735242288
32764
115
2
504
0
184
-33686019
675323472
512
674974816
512
675328592
512
674974960
512
675329072
512
675341936
512
675342064
512
675325712
512
675334080
512
675342208
512
675326352
512
675347984
512
675358656
512
675334656
512
675013760
512
675342352
512
675326992
512
675014768
512
675347840
512
675013200
512
675357632
512
675348272
512
675332928
512
675350288
512
675350576
512
675204352
512
675358784
512
675350768
512
675334752
512
675013312
512
675357376
512
675359040
512
675346832
512
675357888
512
675202336
512
675013872
512
675360192
512
675326512
512
675357504
512
675013984
512
675332832
512
675362816
512
675346544
512
675359168
512
675349712
512
675358016
512
675361920
512
675349856
512
675334464
512
675360320
512
675350976
512
675351168
512
675362704
512
675351360
512
675361696
512
675331872
512
675327312
512
675363376
512
675360832
512
675333504
512
675363488
512
675331392
512
0
0
-33686019
512
976433457
1179535707
-319080425
58750
675335136
512
674890064
512
0
0
-637913053
134276440
4653129
4390979
5636179
6225987
4325444
4259901
4259921
4259905
4390990
7209037
3670116
4587586
4522084
6946898
7274568
7798849
3080261
7077955
7536683
4259906
4259905
5898305
4784241
5374026
2818113
6815812
7929925
6946867
5242953
3211375
7602261
4784214
5308519
4259905
4259905
4259907
4259905
4259905
4259905
5898321
4259943
4259905
4522049
4259905
4259907
4259905
4325441
6750298
5308465
5111910
3080272
6881363
7012437
4587628
4325478
3670100
7012451
6619179
4522082
4456532
7143507
4456516
6684787
5701719
6815793
5505090
7733305
6422593
4259921
4259905
4259905
6750287
4259905
4259905
4784193
4259905
4259907
4259905
4325441
2818132
5636163
7602225
3539064
5898350
4522064
5570641
4718660
4849712
5898344
4718691
7274543
5439558
4522105
5570641
5636148
5898312
6488178
3342386
7864431
4784194
4259927
4259905
4456513
7471160
4522074
7798856
5242956
4849767
5374053
3670089
3342390
7798896
7864410
5242962
5636181
7602283
4522060
5177416
7864405
3604560
4653122
4784193
7405676
7340115
7274615
5505105
7536749
7536748
5701697
6881394
5046350
7143497
2818118
5570658
4653167
5374066
7995463
5832777
7012432
4587609
3407988
5242979
5701748
7405636
5570662
5308522
7864401
7602247
3276874
3407962
4522070
5374003
5570658
6684726
7667797
4784240
5111860
5374060
4587573
5439601
5636203
7471211
3538996
7077936
6488118
4259956
5636200
4259905
4259905
5046337
3735660
3407954
5046355
7864385
3670132
4718695
6488152
6488163
3604577
6619233
4390986
6553706
3473507
5898317
7405655
6553702
4849771
7012458
5242928
7864418
7209026
7667828
5177425
4259955
4259944
5439604
5701702
5242962
6553719
3145818
4325457
7667796
7209014
7733334
3735608
5570678
5570627
4325474
3473461
3604587
5505089
7077977
3997777
61
-403556076
268494188
675041232
512
675318768
512
12
-253701952
1261351553
0
25
0
675325472
512
-28566942
-1
0
0
0
0
1633492306
-2147483648
0
0
0
0
0
0
0
0
0
0
0
0
0
0
0
0
0
0
0
0
0
0
0
0
0
0
0
0
0
0
0
0
0
0
0
0
0
0
1633099100
-2013265664
675342016
512
675334032
512
1735242288
32764
129
2
100
0
192
-33686019
7471172
7733353
7471205
6357060
6357108
4390973
6029370
6881367
6553710
7798895
6029427
7929939
7602291
7143525
3276851
4456540
6881394
6619254
7536754
4456540
6881394
6619254
4456562
7602273
97
-33686019
1631657286
-2147483136
0
0
0
0
0
0
0
0
0
0
0
0
0
0
0
0
0
0
0
0
0
0
0
0
0
0
0
0
0
0
0
0
0
0
0
0
0
0
1635458480
-2147482880
0
0
0
0
0
0
0
0
0
0
0
0
0
0
0
0
0
0
0
0
0
0
0
0
0
0
0
0
0
0
0
0
0
0
0
0
0
0
1635065274
-2147482624
0
0
0
0
0
0
0
0
0
0
0
0
0
0
0
0
0
0
0
0
0
0
0
0
0
0
0
0
0
0
0
0
0
0
0
0
0
0
1634672036
-1979710208
675342160
512
675347936
512
1735242288
32764
129
2
98
0
195
-33686019
5242950
6226003
5374018
5701711
4522067
6226002
5242945
6226000
5374032
4587599
4980809
6225989
5505107
4784210
4653134
4784189
7602286
7471205
6619246
2097268
7864389
7078000
7471215
7471205
-33751040
65021
1629035950
-2013264384
675360144
512
675357456
512
1735242288
32764
129
2
100
0
222
-33686019
7602257
7536717
7667778
7077993
3997796
3801155
5570652
6619251
7536754
7536732
7929964
7209057
6029415
7340097
4456560
7602273
6029409
7274572
6357091
6029420
7602257
7536717
7667778
7077993
100
-33686019
1628642712
-2147481856
0
0
0
0
0
0
0
0
0
0
0
0
0
0
0
0
0
0
0
0
0
0
0
0
0
0
0
0
0
0
0
0
0
0
0
0
0
0
1628249474
-2147481600
0
0
0
0
0
0
0
0
0
0
0
0
0
0
0
0
0
0
0
0
0
0
0
0
0
0
0
0
0
0
0
0
0
0
0
0
0
0
1627856268
-1778382592
675342304
512
675014720
512
1735242288
32764
129
2
86
0
201
-33686019
5177420
4259907
4259916
5242960
4259908
4259924
4390973
6029370
7536725
7471205
6029427
7078003
6357113
6750318
4259932
7340144
6357060
6357108
4980828
6488175
7077985
-33751040
65021
0
0
0
1630608886
-2147481088
0
0
0
0
0
0
0
0
0
0
0
0
0
0
0
0
0
0
0
0
0
0
0
0
0
0
0
0
0
0
0
0
0
0
0
0
0
0
1630215648
-1778382080
675331824
512
675363328
512
1735242288
32764
129
2
86
0
241
-33686019
7536726
6619216
5046386
7209071
7602281
7471215
7340100
4259945
6357111
6619250
6619246
7536755
7209029
6422625
6619244
3014756
3473461
3276849
3997752
5374036
4522069
-33751040
65021
0
0
0
1629822442
-1811936256
675351536
512
675317536
512
1735115360
32764
41
2
88
0
1675
-33686019
675373680
512
675373680
512
0
8258
3
0
4096
0
0
0
-1
-1
-1
0
0
0
0
0
4000
0
-33686019
0
0
0
1642012116
-2147480320
0
0
0
0
0
0
0
0
0
0
0
0
0
0
0
0
0
0
0
0
0
0
0
0
0
0
0
0
0
0
0
0
0
0
0
0
0
0
1640570334
-2147480064
0
0
0
0
0
0
0
0
0
0
0
0
0
0
0
0
0
0
0
0
0
0
0
0
0
0
0
0
0
0
0
0
0
0
0
0
0
0
1640177096
-2147479808
0
0
0
0
0
0
0
0
0
0
0
0
0
0
0
0
0
0
0
0
0
0
0
0
0
0
0
0
0
0
0
0
0
0
0
0
0
0
1643977778
-2147479552
0
0
0
0
0
0
0
0
