0.3089
0.4556
0.2268
0.148
0.2011
0.3053
0.3051
0.2731
0.2049
0.1338
0.1425
0.1339
0.1594
0.2259
0.1706
0.121
0.1258
0.124
0.1311
0.1347
0.1326
0.1255
0.4493
0.2268
0.2445
0.1265
0.1065
0.1144
0.1103
0.0851
0.1096
0.1296
0.1116
0.108
0.1073
0.1067
0.1074
0.1072
0.1071
0.1117
0.1329
0.1558
0.118
0.123
0.0946
0.13
0.1304
0.1124
0.1341
0.1355
0.1221
0.1342
0.1335
0.1233
0.12
0.1497
0.1166
0.1151
0.1149
0.1137
0.1145
0.1193
0.1207
0.1231
0.1264
0.1295
0.0935
0.1061
0.1096
0.1144
0.1058
0.5088
0.0954
0.2078
0.1384
0.1252
0.124
0.15
0.1312
0.1495
0.0941
0.1371
0.1429
0.1366
0.1191
0.144
0.1338
0.1172
0.1337
0.1184
0.1446
0.1347
0.1372
0.137
0.1367
0.133
0.1354
0.1344
0.1347
0.1361
0.2146
0.1164
0.672
0.1506
0.1282
0.1242
0.1273
0.1268
0.1279
0.0974
0.1365
0.0848
0.1778
0.1426
0.1168
0.125
0.1278
0.1293
0.1296
0.1291
0.1284
0.1283
0.1276
0.1097
0.1054
0.1325
0.1307
0.128
0.1284
0.128
0.1279
0.129
0.1281
0.1285
0.1304
0.128
0.1293
0.3996
1.7507
0.1112
0.0993
0.1299
0.1746
0.2058
0.1766
0.2434
0.1681
0.1248
0.1173
0.1279
0.1259
0.1286
0.1264
0.126
0.1266
0.1257
0.1264
0.1262
0.1261
0.1269
0.1266
0.2544
0.1822
0.1485
0.13
0.1322
0.0832
0.1289
0.2691
0.2204
0.2857
0.1234
0.1169
0.1251
0.1363
0.13
0.1584
0.1274
0.094
0.1358
0.1876
0.125
0.1279
0.1264
0.1327
0.1274
0.1277
0.1261
0.1266
0.1271
0.1264
0.1271
0.1055
0.1275
0.1279
0.1258
0.1265
0.1265
0.0928
0.0958
0.0935
0.1397
0.1459
0.1227
0.0851
0.1332
1.9354
0.0987
0.1285
0.0882
0.1261
0.1327
0.1256
0.1296
0.0864
0.1285
0.0955
0.1257
0.1031
0.1259
0.1329
0.1406
0.1282
0.0851
0.129
0.0806
0.0818
0.0811
0.0822
0.0815
0.088
0.1026
0.1271
0.1019
0.0903
0.0937
0.1144
0.1037
0.0916
0.1101
0.0968
0.0934
0.4506
0.1028
0.1245
0.1081
0.1602
0.1369
0.1297
0.0823
1.0177
0.1284
0.1183
0.089
0.1285
0.0833
0.1269
0.126
0.1268
0.1381
0.1428
0.0929
0.1105
0.0947
0.1327
0.0855
0.1258
0.1255
0.1264
0.1292
0.1257
0.1271
0.1258
0.1294
0.1257
0.126
0.1258
0.1259
0.1283
0.1254
0.1259
0.1257
0.7907
0.1198
0.0799
0.1187
0.1008
0.1028
0.0942
0.0948
0.1093
0.123
0.1006
0.1018
0.0814
0.0778
0.0679
0.0946
0.1198
0.0953
0.1016
0.0986
0.0974
0.0971
0.0965
0.097
0.0963
0.0963
0.0961
0.0959
0.0967
0.0966
0.1104
0.1585
0.0946
0.1037
0.0973
0.0959
0.0947
0.0956
0.0958
0.0977
0.0802
0.0767
0.1079
0.0969
0.1126
0.0737
0.0981
0.0944
0.1082
0.555
0.1119
0.1251
0.0686
0.6616
0.0856
0.0802
0.1271
0.1005
0.102
0.0985
0.1215
0.0644
0.1102
0.0947
0.1254
0.1128
0.1107
0.1035
0.1177
0.0739
0.0744
0.1007
0.0808
0.0785
0.0636
0.0768
0.1035
0.0981
0.0967
0.0966
0.0969
0.0984
0.0978
0.0966
0.0967
0.097
0.0962
0.1178
0.0998
0.4129
0.1013
0.2535
0.0869
0.1461
0.1096
0.0807
0.1069
0.1082
0.1002
0.1048
0.1397
0.088
0.0771
0.0845
0.0768
0.0954
0.0943
0.107
0.0781
0.1432
0.0913
0.0726
0.0971
0.084
0.0675
0.102
0.1119
0.0964
0.0985
0.2661
0.0901
0.0916
0.1056
0.0995
0.1153
0.0981
0.1138
0.0751
0.1009
0.0976
0.0973
0.5692
0.0979
0.0779
0.1255
0.1211
0.0806
0.068
0.0594
0.0796
0.0748
0.1289
0.0816
0.1105
0.1142
0.0783
0.0732
0.1192
0.1212
0.1034
0.1192
0.0739
0.1019
0.0984
0.0976
0.1193
0.075
0.1269
0.0783
0.0962
0.0764
0.1128
0.099
0.0683
0.0808
0.064
0.0831
0.1022
0.0977
0.0973
0.0966
0.0969
0.0972
0.0963
0.0959
0.1108
0.0846
0.096
0.0881
0.0818
0.0924
0.0946
0.08
0.1065
0.0934
0.0788
0.0841
0.0676
0.092
0.0638
0.0742
0.0789
0.1305
0.1524
0.0829
0.077
0.1215
0.1045
0.1072
0.0935
0.1164
0.1115
0.1084
0.1307
0.0976
0.106
0.0771
0.0809
0.0753
0.1075
0.0843
0.0665
0.1137
0.0829
0.0976
0.1025
0.1043
0.1006
0.1133
0.073
0.4833
0.1028
0.0968
0.0955
0.0859
0.3047
0.1425
0.1217
1.21
0.2682
0.108
0.1231
0.074
0.1454
1.1429
0.0892
0.0771
0.118
0.1329
0.1185
0.1198
0.1024
0.1642
0.0785
0.1352
0.0972
0.0847
0.0748
0.1107
0.2106
0.2196
0.1151
0.0733
0.0944
0.1118
0.1291
0.1166
0.0973
0.0992
0.1054
0.1763
0.0808
0.1422
0.2604
0.1022
0.1005
0.1063
0.0849
0.0688
0.1096
0.1178
0.0764
0.0951
0.1248
0.098
0.0973
0.1424
0.0969
0.1024
0.094
0.0916
0.0946
0.1148
0.0969
0.0942
0.0947
0.0945
0.0944
0.0944
0.0942
0.0942
0.0948
0.1072
0.0945
0.0944
0.0947
0.094
0.0945
0.0938
0.0944
0.0942
0.0942
0.094
0.0937
0.0939
0.0951
0.0933
0.0938
0.0949
0.1294
0.1408
0.2724
0.1655
0.1435
0.1118
0.1151
0.2347
0.1331
0.1395
0.1201
0.1313
0.0867
0.0799
0.1244
0.1445
0.1255
0.1273
0.1255
0.127
0.1293
0.13
0.1341
0.1501
0.1374
0.1365
0.1637
0.1171
0.1266
0.1254
0.1284
0.1255
0.1257
0.4722
0.1642
0.0993
0.0794
0.1229
0.1471
0.0806
0.1874
0.1052
0.1431
0.1236
0.1255
0.1255
0.1256
0.1038
0.1251
0.1269
0.1294
0.1301
0.1309
0.1294
0.126
0.1264
0.1239
0.1271
0.1259
0.126
0.1268
0.1254
0.126
0.1272
0.1261
0.1271
0.1385
0.1256
0.1266
0.4175
0.1718
0.1216
0.1027
0.088
0.0796
0.0796
0.1254
0.0819
0.079
0.1147
0.1426
0.1354
0.1244
0.1249
0.1258
0.125
0.1263
0.1255
0.1251
0.125
0.1256
0.1255
0.1244
0.1249
0.1245
0.1251
0.1252
0.1267
0.1252
0.1245
0.1259
0.125
0.126
0.125
0.125
0.1251
0.1246
0.1248
0.1246
0.1247
0.1251
0.1245
0.1254
0.1252
0.1243
0.2265
0.1538
0.0809
0.1248
0.1257
0.1254
0.1252
0.0879
0.1243
0.1246
0.1245
0.125
0.1248
0.1248
0.125
0.1265
0.1241
0.1251
0.1247
0.1253
0.1244
0.1249
0.125
0.1262
0.1252
0.1264
0.1256
0.1256
0.1256
0.1262
0.1252
0.1258
0.1251
0.1252
0.1254
0.1253
0.1252
0.1257
0.1253
0.1253
0.4715
0.7807
0.1524
0.0821
0.0779
0.1135
0.1255
0.126
0.1261
0.1256
0.126
0.127
0.125
0.1267
0.1344
0.0992
0.1213
0.1435
0.1479
0.1257
0.1273
0.1269
0.1256
0.1265
0.126
0.1266
0.1264
0.1263
0.1289
0.1271
0.126
0.127
0.1294
0.1266
0.1144
0.1264
0.1269
0.1268
0.1327
0.1235
0.105
0.214
0.1217
1.0516
0.0892
0.0789
0.1133
0.1255
0.1255
0.1254
0.1257
0.1269
0.1258
0.1263
0.126
0.1258
0.1257
0.126
0.117
0.1067
0.13
0.1257
0.1328
0.1247
0.127
0.1264
0.1258
0.1267
0.1265
0.1272
0.1263
0.1263
0.1256
0.1269
0.1257
0.1264
0.1265
0.1267
0.199
0.1544
0.2012
0.0947
0.1245
0.1085
0.0936
0.0881
0.0801
0.0887
0.0962
0.0962
0.1223
0.1043
0.0989
0.0992
0.0831
0.0954
0.0949
0.096
0.0953
0.096
0.0968
0.0963
0.0955
0.0957
0.1003
0.113
0.1549
0.1044
0.1098
0.0835
0.0946
0.097
0.1112
0.0973
0.1022
0.0927
0.0946
0.1166
0.0971
0.0843
0.0973
0.0995
0.0998
0.0888
0.338
0.1037
0.0895
0.155
0.0792
0.1092
0.1229
0.0952
0.092
0.0973
0.1291
0.0742
0.1112
0.0956
0.0999
0.2048
0.0664
0.1925
0.1027
0.0915
0.1054
0.0983
0.0978
0.0974
0.096
0.0957
0.0964
0.0963
0.096
0.0964
0.0966
0.0966
0.0961
0.0962
0.0967
0.0956
0.0967
0.0961
0.0957
0.0961
0.096
0.0962
0.0962
0.0965
0.096
0.0967
0.0779
0.1667
0.0938
0.0795
0.1173
0.0953
0.0953
0.1288
0.098
0.1043
0.096
0.0958
0.1202
0.1032
0.0923
0.0962
0.1177
0.098
0.0965
0.0961
0.0965
0.096
0.0964
0.096
0.0962
0.096
0.0961
0.0966
0.0964
0.0956
0.0959
0.0964
0.0958
0.0957
0.096
0.0957
0.0962
0.0963
0.0957
0.1157
0.0973
0.0965
0.0964
0.0958
0.0955
0.0957
0.0958
0.0961
0.0957
0.0951
0.0958
0.0958
0.3244
0.0806
0.0878
0.1103
0.1025
0.0945
0.0778
0.0683
0.1046
0.0973
0.096
0.1157
0.0764
0.0699
0.0672
0.0746
0.0939
0.065
0.0605
0.0614
0.0978
0.0912
0.1087
0.115
0.1025
0.11
0.1029
0.1136
0.1005
0.1084
0.1388
0.1137
0.0709
0.0949
0.0647
0.0712
0.0714
0.0742
0.0757
0.6918
0.7454
0.1869
0.4893
0.4232
0.5029
0.4425
0.1975
0.1821
0.1551
0.1336
0.0906
0.0976
0.1261
0.1289
0.1272
0.1044
0.1314
0.1064
0.1374
0.142
0.1211
0.1182
0.1299
0.1242
0.1326
0.2626
0.1219
0.1573
0.1199
0.1225
0.0998
0.0984
0.1239
0.093
0.1161
0.1134
0.116
0.0967
0.1343
0.088
0.1037
0.1157
0.1362
0.1318
0.1391
0.2007
0.1335
0.1462
0.0862
0.1416
0.085
0.1323
0.077
0.0755
0.0845
0.0851
0.1222
0.0852
0.1311
0.1423
0.1367
0.1451
0.1464
0.1435
0.1406
0.1259
0.3818
0.2085
0.1051
0.1088
0.0852
0.0827
0.099
0.1292
0.1132
0.1041
0.1048
0.1023
0.1026
0.1018
0.1016
0.1158
0.139
0.1285
0.0715
0.077
0.0805
0.1306
0.1312
0.1173
0.1184
0.1139
0.1359
0.1323
0.1372
0.1123
0.1387
0.1142
0.1298
0.1097
0.1321
0.1241
0.1108
0.1357
0.13
0.1368
0.1119
0.1118
0.5706
0.0862
0.0774
0.0833
0.1084
0.0929
0.0809
0.0822
0.0904
0.0829
0.1173
0.1018
0.1011
0.0838
0.0787
0.0796
0.0785
0.0799
0.078
0.1136
0.079
0.1312
0.1198
0.134
0.1194
0.1371
0.1454
0.1351
0.1092
0.1111
0.1096
0.1191
0.1138
0.1196
0.1136
0.1186
0.1291
0.1177
0.1324
0.1273
0.1123
0.1086
0.1206
0.1082
0.1196
0.108
0.1199
0.1088
0.1193
0.1081
0.1276
0.6709
0.1981
0.0859
0.1072
0.0869
0.1264
0.0846
0.1206
0.0892
0.0878
0.0948
0.1304
0.1133
0.1574
0.1131
0.1119
0.1067
0.1169
0.1072
0.1044
0.0844
0.0781
0.117
0.1358
0.078
0.0697
0.0788
0.0686
0.106
0.1268
0.1297
0.1347
0.1062
0.1158
0.113
0.118
0.1082
0.1185
0.1081
0.1189
0.3566
0.1141
0.1417
0.1705
0.097
0.0987
0.0781
0.0994
0.0964
0.1519
0.0977
0.11
0.1204
0.1038
0.082
0.0968
0.1073
0.1054
0.1406
0.079
0.0791
0.1128
0.1175
0.1127
0.1056
0.1177
0.1135
0.1068
0.1039
0.1189
0.1128
0.1058
0.1189
0.1124
0.1054
0.1172
0.1126
0.1071
0.1193
0.1149
0.1224
0.115
0.122
0.1149
0.1224
0.1151
1.166
0.1668
0.1181
0.0874
0.0872
0.0872
0.0877
0.0874
0.105
0.0908
0.0877
0.1355
0.1197
0.1174
0.1187
0.116
0.1146
0.1147
0.114
0.1147
0.1124
0.1111
0.1098
0.1097
0.1073
0.1081
0.1072
0.1052
0.1041
0.1039
0.1035
0.1035
0.1016
0.1011
0.1021
0.1018
0.0984
0.0986
0.0988
0.0974
0.0969
0.1699
0.1082
0.1686
2.5056
0.0943
0.086
0.0888
0.0906
0.0884
0.0883
0.088
0.0885
0.0879
0.115
0.0885
0.0889
0.0869
0.0885
0.0892
0.0886
0.0902
0.0891
0.0875
0.088
0.0874
0.0885
0.0884
0.0884
0.0873
0.1025
0.1173
0.0879
0.1373
0.0878
0.1552
0.0876
0.1377
0.0887
0.1393
0.0882
0.139
0.0877
0.1364
0.2674
0.2448
0.119
0.0881
0.1412
0.0885
0.145
0.1347
0.0947
0.102
0.0949
0.0889
0.0885
0.0875
0.0881
0.0873
0.0877
0.0879
0.088
0.0868
0.088
0.0869
0.0881
0.0873
0.0879
0.0876
0.088
0.0874
0.0893
0.0881
0.0881
0.0875
0.0882
0.0885
0.0883
0.0889
0.0883
0.0879
0.0887
0.0882
0.0881
0.0888
1.557
0.098
0.091
0.6741
0.09
0.0907
0.0902
0.0952
0.095
0.0949
0.0898
0.0948
0.0888
0.0883
0.0877
0.0892
0.0884
0.0876
0.0878
0.0879
0.0873
0.0871
0.0874
0.0882
0.0881
0.0882
0.0875
0.0883
0.0878
0.0882
0.1385
0.0941
0.0876
0.0874
0.0872
0.0877
0.0865
0.0872
0.0877
0.0868
2.3274
0.1694
0.3767
1.2166
0.1963
0.1064
0.1055
0.1066
0.1045
0.1064
0.1037
0.1046
0.1043
0.1073
0.1044
0.1058
0.1044
0.0937
0.1044
0.1054
0.1042
0.1055
0.1034
0.104
0.1048
0.0922
0.0898
0.1028
0.1027
0.089
0.0894
0.0892
0.0889
0.0935
0.0896
0.0893
0.0886
1.6364
0.9622
0.089
0.1553
0.1499
0.1272
0.1093
0.1506
0.0885
0.206
0.0789
0.0619
0.0642
0.0623
0.1012
0.1151
0.1026
0.0868
0.0658
0.0983
0.078
0.0998
0.1215
0.1047
0.2311
0.1008
0.1349
0.0665
0.1202
0.1166
0.1051
0.1103
0.1025
0.1154
0.1031
0.0969
0.0916
0.0742
0.2042
0.083
0.0597
0.1077
0.0886
0.1125
0.0646
0.0897
0.0874
0.0801
0.0834
0.0978
0.0905
0.0956
0.1034
0.0749
0.115
0.0953
0.0963
0.0921
0.1093
0.0948
0.0945
0.095
0.0961
0.0945
0.0933
0.0917
0.093
0.0929
0.0934
0.0936
0.0934
0.0934
0.0935
0.0934
0.0926
0.0931
0.0939
0.0938
0.0933
0.0934
0.0937
0.093
0.6548
0.1672
0.0939
0.1343
0.2837
0.1448
0.136
0.3137
0.1058
0.1295
0.1462
0.0949
0.1426
0.1737
0.1577
0.15
0.1784
0.149
0.1484
0.1765
0.1535
0.166
0.177
0.1459
0.1472
0.1699
0.1456
0.1416
0.3897
0.1562
0.1091
0.1116
0.1061
0.0985
0.1055
0.1004
0.1175
0.1033
0.0998
0.0957
0.0999
0.1057
0.0995
0.1728
0.1257
0.1516
0.1528
0.1519
0.0998
0.1103
0.1118
0.1007
0.0891
0.1001
0.1171
0.1038
0.1027
0.1629
0.0864
0.1424
0.0886
1.2197
0.1449
0.0885
0.1347
0.0855
0.0859
0.0884
0.0888
0.0875
0.0867
0.0865
0.0871
0.0865
0.0973
0.087
0.0911
0.0901
0.0858
0.0938
0.0873
0.0891
0.0884
0.0871
0.0858
0.0872
0.0891
0.0883
0.0858
0.0878
0.0878
0.092
0.0863
0.0868
1.8867
0.0979
0.0863
0.0857
0.0907
0.0882
0.0885
0.0911
0.0876
0.1321
0.1674
0.0862
0.1366
0.0886
0.1378
0.0883
0.1242
0.0904
0.1364
0.0968
0.1401
0.0884
0.1502
0.0862
0.1571
0.0869
0.1443
0.0889
0.1435
0.0936
0.1523
0.0889
0.1426
0.0865
0.1534
0.0861
0.1764
0.0895
0.139
0.5346
0.1193
0.1713
0.0886
0.1413
0.0915
0.1552
0.0859
0.1436
0.0882
0.1361
0.0954
2.1814
0.0867
0.176
0.0866
0.147
0.0865
0.1787
0.0859
0.1016
0.1114
0.0858
0.1383
0.1231
0.087
0.0928
0.0901
0.0858
0.0872
0.089
0.0912
0.0918
0.0858
0.0896
0.0874
0.0865
1.8898
0.1021
0.09
0.0884
0.0869
0.086
0.0863
0.0879
0.0884
0.0864
0.1009
0.0877
0.0886
0.9745
0.1127
0.0861
0.0862
0.0865
0.0888
0.0866
0.0956
0.0878
0.089
0.1318
0.0887
0.0858
0.0861
0.0879
0.09
0.0973
0.0867
0.0924
0.0891
0.0892
0.0936
0.0863
0.0895
0.0883
0.0862
0.5558
0.5082
0.1155
0.0783
0.1037
0.1251
0.0725
0.098
0.1003
0.0699
0.0641
0.105
0.1194
0.0716
0.0978
0.0646
0.0606
0.0716
0.0729
0.0724
0.0724
0.1829
0.0684
0.0702
0.0692
0.0724
0.082
0.0748
0.0952
0.0744
0.0889
0.0944
0.1008
0.1046
0.0651
0.0704
0.1027
0.0774
0.1
0.095
0.0947
0.1083
0.0957
0.0663
0.0611
0.0679
0.0739
0.2476
0.132
0.0693
0.0837
0.0973
0.0999
0.0702
0.0667
0.1081
0.0958
0.1194
0.1026
0.0648
0.069
0.1129
0.0957
0.1122
0.1067
0.0639
0.0614
0.0668
0.6786
0.3773
0.0793
0.065
0.1113
0.1102
0.1032
0.1175
0.0967
0.1112
0.0997
0.0677
0.072
0.0795
0.0997
0.094
0.096
0.0943
0.069
0.0604
0.0597
0.0721
0.0699
0.0751
0.0717
0.1337
0.1442
0.1528
0.0888
0.1079
0.0928
0.0715
0.1136
0.0968
0.1066
0.1035
0.065
0.061
0.0689
0.0726
0.0685
0.1146
0.1008
0.1009
0.0909
0.1256
0.0665
0.1681
0.0677
0.062
0.0767
0.1202
0.069
0.0631
0.0713
0.0746
0.0754
0.0728
0.0703
0.0603
0.1049
0.1022
0.1009
0.0903
0.0762
0.0761
0.0677
0.0873
0.132
0.0786
0.0882
0.0695
0.0975
0.1107
0.1034
0.0689
0.0712
0.0963
0.1051
0.0744
0.1032
0.0641
0.0701
0.1096
0.1026
0.0972
0.0978
0.0646
0.2302
0.1284
0.0656
0.1061
0.0668
0.0864
0.1177
0.1125
0.0656
0.069
0.1288
0.0936
0.0932
0.0926
0.0929
0.0939
0.0926
0.0927
2.545
0.1142
0.1007
0.0918
0.0921
0.0923
0.0924
0.0916
0.0919
0.0919
0.0919
0.0921
0.0922
0.0923
0.0903
0.0904
0.1602
0.1008
0.097
0.0955
0.0968
0.0956
0.0948
0.095
0.096
0.0985
0.1164
0.0872
0.0792
0.0885
0.1065
0.096
0.0931
0.0806
0.1036
0.101
0.0922
0.0913
0.092
0.0911
2.7451
1.8137
8.3201
0.1555
0.1809
0.1653
0.1803
0.2176
0.8625
0.441
0.5062
0.6243
0.6669
0.4445
0.4438
1.8256
0.4811
0.1482
0.1408
0.1389
0.1043
0.0926
0.0958
0.0911
0.1415
0.1943
0.1519
0.1271
0.1731
0.2024
0.1338
0.1244
0.1148
0.1502
0.1552
0.1374
0.1523
0.1522
0.1495
0.1355
0.1221
0.1362
0.1361
0.1727
0.1465
0.1153
0.7086
0.1345
0.1286
0.0796
0.0801
0.1125
0.0806
0.0776
0.1038
0.0816
0.0804
0.1134
0.1181
0.1206
0.1206
0.1216
0.1961
0.1214
0.1257
0.1256
0.1266
0.1255
0.1293
0.126
0.1266
0.126
0.1285
0.1261
0.1265
0.126
0.1259
0.1257
0.1255
0.1263
0.1295
0.1312
0.2625
0.2022
0.0988
0.3455
0.1246
0.1256
0.4215
0.1384
0.1496
0.1253
0.1264
0.1256
0.126
0.1246
0.1255
0.1245
0.1254
0.1251
0.1257
0.1257
0.1253
0.1259
0.1252
0.1279
0.1255
0.1267
0.1252
0.1252
0.1254
0.1259
0.1251
0.1267
0.1267
0.1416
0.1264
0.1264
0.128
0.1261
0.1265
0.1202
0.1221
0.1935
0.1186
0.1129
0.0817
0.122
0.2148
0.2559
0.1121
0.09
0.1158
0.1039
0.1025
0.1124
0.0796
0.1017
0.1022
0.1021
0.1016
0.1016
0.1028
0.1019
0.1021
0.1016
0.1046
0.1021
0.0895
0.0891
0.0865
0.0954
0.1045
0.0929
0.0839
0.1
0.1043
0.0882
0.088
0.1002
0.2823
0.1207
0.1294
0.2144
0.1531
0.1286
0.0874
0.0828
0.1012
0.1024
0.1032
0.1015
0.102
0.1035
0.505
0.1032
0.1329
0.0893
0.127
0.1196
0.1024
0.1057
0.1024
0.1025
0.1182
0.1085
0.1166
0.1017
0.1025
0.1031
0.1024
0.102
0.1028
0.1023
0.1022
0.1023
0.1028
0.1019
0.1029
0.2646
0.134
0.1401
0.7055
0.1024
0.1021
0.1011
0.1006
0.1006
0.1007
0.1011
0.1014
0.101
0.1027
0.1012
0.1023
0.0918
0.107
0.0768
0.1062
0.0708
0.1145
0.0941
0.0789
0.1076
0.1091
0.0959
0.0988
0.1268
0.1089
0.1148
0.1005
0.0967
0.1005
0.0978
0.0977
0.097
0.0966
0.096
0.0968
0.0964
0.0966
0.0965
0.0963
0.0964
0.0963
0.0959
0.0967
2.6993
0.1344
0.074
0.0736
0.0661
0.0825
0.0685
0.1159
0.5597
0.1144
0.0946
0.1272
0.0979
0.1246
0.0789
0.0773
0.0807
0.096
0.095
0.1071
0.0967
0.1149
0.0979
0.1091
0.1008
0.1092
0.1051
0.0959
0.1257
0.1097
0.0767
0.168
0.0851
0.0943
0.091
0.0987
0.0837
0.1037
0.0624
0.0632
0.0915
0.0748
0.1332
0.1091
0.093
0.1087
0.1281
0.1394
0.3148
0.0936
0.2115
0.1222
0.2357
0.2519
0.2199
0.08
0.093
0.0711
0.1296
0.154
0.097
0.0808
0.0839
0.0671
0.0858
0.0699
0.0679
0.0772
0.0891
0.1333
0.0926
0.1346
0.1093
0.0728
0.0841
0.0814
0.1006
0.0826
0.4016
0.1671
0.1041
0.0799
0.2955
0.1169
0.2555
0.087
0.0821
0.0955
0.0954
0.0975
0.0766
0.0622
0.0691
0.0738
0.104
0.0795
0.0802
0.0687
0.0872
0.0617
0.0655
0.0702
0.0772
0.064
0.07
0.0757
0.0736
0.0602
0.0688
0.0592
0.0755
0.0612
0.073
0.0733
0.0614
0.0612
0.0591
0.059
0.0592
0.0585
0.0595
0.1023
0.0613
0.0632
0.0616
0.0596
0.0589
0.0589
0.0588
0.0772
0.0566
0.0565
0.0516
0.0803
0.0586
0.0839
0.0695
0.0634
0.0793
0.0908
0.0758
0.0705
0.0924
0.1045
0.0638
0.0593
0.0598
0.0625
0.1015
0.0716
0.0624
0.0564
0.0754
0.0554
0.056
0.0691
0.0592
0.0881
0.0603
0.0583
0.0592
0.0592
0.0623
0.0676
0.0716
0.0789
0.0603
0.1542
0.0677
0.0602
0.0594
0.0589
0.0574
0.0572
0.0572
0.057
0.0573
0.0573
0.0564
0.057
0.057
0.0609
0.0567
0.0574
0.0565
0.0577
0.0624
0.06
0.0629
0.0664
0.0701
0.0712
0.078
0.0579
0.0571
0.0592
0.0583
0.0578
0.0577
0.0561
0.0579
0.0583
0.2948
0.059
0.0577
0.0577
0.0674
0.0601
0.0586
0.058
0.0581
0.059
0.0583
0.0583
0.0583
0.0591
0.0583
0.0584
0.0585
0.0585
0.0583
0.0587
0.0585
0.0589
0.0656
0.0668
0.0608
0.0614
0.0612
0.1328
0.0582
0.0578
0.0576
0.0565
0.1032
0.0582
0.1021
0.0921
0.0685
0.0916
0.1329
0.0724
0.0781
0.0953
0.0707
0.1215
0.1219
0.1003
0.0604
0.1127
0.0858
0.1131
0.1106
0.0782
0.066
0.0728
0.0831
0.0872
0.0946
0.1234
0.0799
0.1089
0.0874
0.0853
0.1149
0.1024
0.1606
0.1467
0.079
0.0582
0.0572
0.0558
0.0562
0.1071
0.0578
0.057
0.0563
0.0567
0.0566
0.0837
0.0905
0.0661
0.0594
0.1
0.0597
0.0614
0.0697
0.0716
0.0572
0.0595
0.0574
0.0611
0.0574
0.0596
0.059
0.0578
0.0572
0.0572
0.0606
0.0571
0.0681
0.0698
0.0674
0.0571
0.0597
0.058
0.0562
0.0581
0.0574
0.0573
0.0574
0.0578
0.0576
0.0574
0.0684
0.0583
0.0567
0.0567
0.0574
0.0579
0.0569
0.0574
0.0917
0.0572
0.0573
0.0568
0.0564
0.0913
0.0677
0.0708
0.0696
0.0769
0.1072
0.072
0.1069
0.0775
0.0677
0.0927
0.06
0.0567
0.0594
0.0908
0.0599
0.0583
0.0573
0.0566
0.057
0.0598
0.0564
0.0564
0.057
0.1391
0.057
0.0565
0.0569
0.0572
0.0567
0.0572
0.0565
0.0568
0.0564
0.0568
0.0556
0.057
0.0567
0.0568
0.0572
0.0569
0.0564
0.0569
0.0563
0.0567
0.0568
0.0564
0.0562
0.1015
0.0569
0.0566
0.0565
0.0568
0.0563
0.0568
0.0568
0.0569
0.057
0.0567
0.0569
0.0564
0.0562
0.0565
0.0567
0.057
0.0567
0.0567
0.0571
0.0849
0.0661
0.0651
0.0612
0.0702
0.0608
0.0645
0.059
0.057
0.0659
0.0592
0.0572
0.0612
0.0584
0.0564
0.0579
0.0586
0.0584
0.0702
0.061
0.0596
0.0557
0.0567
0.056
0.0568
0.1479
0.0567
0.0576
0.0567
0.1432
0.0571
0.0564
0.085
0.0567
0.0611
0.0594
0.0585
0.0588
0.0588
0.0678
0.0571
0.0562
0.0566
0.0561
0.1098
0.0569
0.0562
0.0564
0.0563
0.0565
0.0563
0.0559
0.0564
0.0563
0.0562
0.0561
0.0566
0.0561
0.0564
0.0559
0.0558
0.0565
0.0564
0.0559
0.0562
0.0562
0.0562
0.0558
0.056
0.0559
0.0558
0.0563
0.0558
0.0566
0.0563
0.056
0.0556
0.056
0.0559
0.0561
0.0567
0.0562
0.0567
0.0562
0.0567
0.1406
0.0968
0.1256
0.1469
0.0761
0.0994
0.0859
0.0593
0.0834
0.0948
0.1246
0.1224
0.099
0.1326
0.1376
0.164
0.1741
0.0812
0.0967
0.176
0.1624
0.065
0.1383
0.063
0.0725
0.1066
0.2857
0.268
0.0984
0.0929
0.0853
0.0822
0.0747
0.0726
0.0597
0.0719
0.0623
0.0594
0.0642
0.0657
0.078
0.0677
0.0934
0.0577
0.1229
0.194
0.133
0.0977
0.1407
0.0637
0.0605
0.1126
0.118
0.1232
0.0626
0.0707
0.0822
0.0895
0.3391
0.0634
0.1073
0.1266
0.244
0.1005
0.073
0.0716
0.0869
0.097
0.359
0.0943
0.0796
0.0733
0.0726
0.0598
0.1664
0.0795
0.0942
0.0629
0.0711
0.063
0.0618
0.085
0.0613
0.0712
0.0633
0.0837
0.0558
0.055
0.0548
0.0558
0.0534
0.0545
0.0555
0.099
0.1443
0.1185
0.0856
0.0617
0.059
0.0586
0.0595
0.0589
0.0583
0.0584
0.0591
0.0587
0.0587
0.0587
0.0599
0.0878
0.0676
0.0647
0.0592
0.0584
0.0552
0.0569
0.0622
0.0713
0.08
0.061
0.0558
0.0586
0.0698
0.06
0.0581
0.057
0.0572
0.0595
0.0573
0.0554
0.0937
0.0592
0.0582
0.0568
0.057
0.057
0.0572
0.0567
0.0562
0.0615
0.0562
0.0589
0.0662
0.0695
0.0711
0.0766
0.059
0.0573
0.058
0.0567
0.1106
0.0728
0.0653
0.2291
0.0692
0.0788
0.0678
0.067
0.0688
0.0777
0.0612
0.1532
0.0618
0.1
0.0664
0.0565
0.0544
0.0555
0.0553
0.0557
0.054
0.055
0.0536
0.0552
0.0543
0.0549
0.0604
0.0861
0.065
0.0586
0.058
0.0674
0.0636
0.067
0.0582
0.0569
0.064
0.0582
0.0579
0.0611
0.0592
0.0988
0.0621
0.0578
0.0569
0.0566
0.0574
0.0575
0.0605
0.0637
0.0569
0.0566
0.0561
0.0568
0.0598
0.0584
0.0587
0.0565
0.0568
0.0625
0.057
0.0579
0.0629
0.0563
0.0572
0.2428
0.187
0.0943
0.1026
0.0787
0.0884
0.0707
0.0597
0.0573
0.0577
0.1007
0.0591
0.0555
0.0549
0.0552
0.0558
0.0553
0.0575
0.0549
0.0554
0.0693
0.075
0.0652
0.0582
0.0577
0.057
0.0586
0.0564
0.0565
0.0574
0.0566
0.0572
0.0564
0.0613
0.0565
0.0572
0.0558
0.0705
0.0581
0.0587
0.0582
0.0645
0.094
0.058
0.0564
0.0564
0.0555
0.0553
0.0556
0.0562
0.058
0.0558
0.0557
0.0553
0.0548
0.056
0.0558
0.0557
0.0562
0.0556
0.0554
0.0563
0.0554
0.0561
0.0558
0.0567
0.0562
0.0559
0.0564
0.0568
0.0566
0.0564
0.1376
0.0753
0.0732
0.0731
0.07
0.0839
0.0612
0.0571
0.0562
0.0571
0.1025
0.0632
0.083
0.0586
0.0561
0.0567
0.0562
0.0566
0.0553
0.0762
0.0832
0.0627
0.0582
0.058
0.0571
0.056
0.0566
0.0567
0.0566
0.0584
0.0559
0.0544
0.0565
0.0574
0.0793
0.0561
0.0544
0.056
0.0736
0.0565
0.0555
0.0769
0.0577
0.0561
0.0565
0.0558
0.056
0.1101
0.0567
0.0549
0.0569
0.0562
0.0549
0.0563
0.0563
0.0566
0.0566
0.0565
0.0563
0.0561
0.0563
0.0561
0.0571
0.0568
0.0565
0.0568
0.0569
0.0694
0.0605
0.0621
0.0748
0.0586
0.0665
0.0636
0.0564
0.0571
0.0637
0.057
0.0571
0.0585
0.0565
0.0571
0.0567
0.0571
0.0568
0.0575
0.0793
0.0629
0.0602
0.0597
0.0579
0.0613
0.0622
0.0643
0.0589
0.0654
0.0641
0.057
0.0573
0.0569
0.0565
0.0583
0.0585
0.2499
0.0574
0.0572
0.0561
0.0568
0.0568
0.0592
0.0533
0.0527
0.0676
0.0579
0.0556
0.0566
0.0578
0.1437
0.0605
0.0579
0.1371
0.0588
0.0564
0.0574
0.0565
0.057
0.06
0.0573
0.0583
0.0618
0.062
0.0606
0.0618
0.06
0.0605
0.0604
0.0586
0.0567
0.0585
0.0618
0.0605
0.0591
0.0583
0.0589
0.0599
0.0592
0.0599
0.0582
0.0951
0.0683
0.0761
0.0637
0.0672
0.0698
0.0585
0.0582
0.0576
0.0716
0.0796
0.0591
0.0695
0.057
0.0579
0.0572
0.0576
0.0577
0.0863
0.0744
0.0571
0.0557
0.0573
0.0565
0.0571
0.0561
0.1542
0.0561
0.0564
0.0551
0.0563
0.0565
0.0811
0.0566
0.0675
0.0592
0.0578
0.0569
0.0568
0.066
0.0704
0.0871
0.0834
0.0605
0.0677
0.0712
0.0584
0.0568
0.0569
0.0565
0.056
0.0557
0.0553
0.0566
0.0562
0.0565
0.056
0.0561
0.0563
0.0547
0.0556
0.0554
0.0556
0.0554
0.0555
0.0559
0.0547
0.0559
0.0557
0.0546
0.0557
0.0557
0.055
0.0563
0.0555
0.0558
0.0557
0.0559
0.0558
0.0562
0.0544
0.0562
0.0562
0.1797
0.0793
0.075
0.0594
0.0588
0.0605
0.0606
0.0592
0.069
0.0574
0.0565
0.0576
0.0564
0.0562
0.0558
0.056
0.0651
0.0562
0.0562
0.0559
0.0564
0.056
0.1333
0.1996
0.1233
0.1173
0.1197
0.0792
0.0594
0.0567
0.0568
0.0565
0.1158
0.0564
0.056
0.056
0.056
0.0561
0.0561
0.0553
0.056
0.0557
0.0564
0.0551
0.056
0.056
0.1174
0.1154
0.0583
0.0565
0.0559
0.0708
0.0556
0.0559
0.0558
0.056
0.0558
0.0555
0.0558
0.0559
0.0558
0.0558
0.0557
0.0558
0.0553
0.0557
0.0852
0.1649
0.0745
0.0813
0.0715
0.0681
0.0542
0.0805
0.0648
0.0595
0.0596
0.2245
0.0598
0.0802
0.0824
0.0601
0.1027
0.0927
0.0824
0.1058
0.1715
0.1123
0.0606
0.2492
0.1001
0.0999
0.1026
0.1306
0.0889
0.0866
0.0647
0.0629
0.057
0.0571
0.0567
0.0559
0.0561
0.056
0.0556
0.0557
0.0558
0.0564
0.0556
0.0557
0.0553
0.056
0.0553
0.0555
0.0558
0.0563
0.0551
0.0557
0.0558
0.0555
0.0556
0.0561
0.0549
0.0554
0.0556
0.0558
0.0557
0.0557
0.0556
0.0559
0.0553
0.1593
0.0598
0.0551
0.0547
0.0549
0.0561
0.0547
0.0548
0.0545
0.0554
0.0834
0.0896
0.0614
0.0569
0.0571
0.0566
0.0567
0.0577
0.0556
0.1073
0.0568
0.0559
0.0562
0.069
0.077
0.0762
0.0877
0.0788
0.1209
0.0752
0.0629
0.0698
0.0631
0.0603
0.0568
0.0574
0.0563
0.0553
0.0551
0.056
0.0557
0.0556
0.056
0.0558
0.0558
0.0558
0.0564
0.056
0.0559
0.0563
0.0561
0.0554
0.0567
0.0557
0.0555
0.0566
0.0578
0.0568
0.0559
0.0549
0.0561
0.0549
0.056
0.0556
0.0557
0.0561
0.0561
0.056
0.0562
0.0558
0.0563
0.056
0.109
0.2565
0.0833
0.0818
0.0926
0.0967
0.0875
0.0794
0.0746
0.0588
0.0594
0.0597
0.0582
0.058
0.0665
0.0599
0.0615
0.0624
0.075
0.061
0.075
0.0655
0.0682
0.0622
0.0642
0.0968
0.0594
0.0582
0.0582
0.0568
0.0568
0.0654
0.0603
0.0608
0.0604
0.0626
0.0636
0.0647
0.0626
0.0632
0.0632
0.0626
0.0621
0.0628
0.0607
0.0597
0.0582
0.0595
0.0593
0.0585
0.0591
0.0604
0.0593
0.0582
0.0571
0.0581
0.058
0.059
0.0604
0.0572
0.0574
0.0578
0.1225
0.085
0.0708
0.0576
0.0556
0.0926
0.0867
0.0624
0.0771
0.0827
0.0919
0.0941
0.063
0.0632
0.0604
0.0572
0.058
0.0618
0.0881
0.0642
0.0582
0.0579
0.0614
0.0717
0.1088
0.0591
0.0605
0.0614
0.0591
0.063
0.0625
0.0639
0.0792
0.0599
0.0574
0.058
0.0576
0.0582
0.0586
0.0611
0.063
0.0635
0.0615
0.0723
0.078
0.0719
0.0693
0.0621
0.0601
0.0621
0.0585
0.0729
0.056
0.0551
0.0578
0.1403
0.0747
0.0582
0.0575
0.0577
0.0589
0.0827
0.0715
0.0781
0.0852
0.157
0.059
0.0806
0.0995
0.0769
0.0604
0.0567
0.0574
0.0614
0.0603
0.0617
0.0623
0.0751
0.0825
0.065
0.0586
0.0584
0.0593
0.0614
0.0631
0.0609
0.0613
0.0586
0.0584
0.0578
0.0655
0.0563
0.0577
0.0736
0.0649
0.0707
0.0596
0.0607
0.0614
0.0844
0.062
0.0569
0.0579
0.0592
0.0576
0.0584
0.0588
0.0648
0.0625
0.062
0.0634
0.06
0.0645
0.0617
0.0619
0.0601
0.0599
0.059
0.0593
0.0594
0.0599
0.0594
0.0587
0.0602
0.0581
0.058
0.057
0.0589
0.0597
0.0609
0.0606
0.062
0.0607
0.0612
0.0599
0.0599
0.1456
0.072
0.0655
0.0785
0.0633
0.0634
0.0629
0.0646
0.0672
0.07
0.0686
0.0752
0.0769
0.0566
0.0566
0.0569
0.057
0.0579
0.0598
0.0601
0.058
0.0587
0.0615
0.062
0.2451
0.06
0.0582
0.0629
0.0553
0.058
0.0585
0.0618
0.0921
0.0601
0.0574
0.0571
0.0585
0.0585
0.057
0.0585
0.0583
0.0712
0.062
0.0629
0.0617
0.0621
0.0639
0.0604
0.0602
0.0616
0.0619
0.0599
0.0601
0.0595
0.0586
0.1426
0.0557
0.055
0.0691
0.0584
0.0577
0.0582
0.0611
0.0601
0.0612
0.1543
0.075
0.0718
0.0631
0.0585
0.0758
0.0813
0.072
0.0633
0.0584
0.0604
0.0614
0.0633
0.0873
0.085
0.0591
0.0581
0.0582
0.0568
0.0576
0.0578
0.059
0.0599
0.0712
0.0617
0.0615
0.0608
0.0593
0.061
0.2099
0.0568
0.0549
0.0656
0.0574
0.0571
0.0553
0.059
0.0581
0.0574
0.0566
0.0589
0.0603
0.058
0.0574
0.0578
0.0633
0.0588
0.0602
0.0588
0.0607
0.0611
0.0613
0.0603
0.0613
0.0629
0.0605
0.0671
0.061
0.0625
0.0641
0.0614
0.06
0.0608
0.0598
0.0591
0.0607
0.0596
0.0607
0.0593
0.131
0.1154
0.1234
0.0882
0.072
0.1128
0.0831
0.0814
0.0591
0.0579
0.0614
0.0697
0.0652
0.0957
0.0847
0.0611
0.0585
0.0571
0.0573
0.0697
0.0607
0.0583
0.0579
0.0629
0.0616
0.0622
0.0636
0.1238
0.0609
0.0584
0.0832
0.0615
0.0599
0.0902
0.0581
0.0579
0.0577
0.0596
0.0602
0.0631
0.0617
0.0591
0.06
0.0601
0.0582
0.0579
0.0587
0.0583
0.0584
0.0595
0.0598
0.0583
0.059
0.0569
0.0575
0.0571
0.0583
0.0596
0.0648
0.0626
0.0633
0.0618
0.1465
0.0803
0.0642
0.0615
0.1156
0.0748
0.0658
0.0677
0.0581
0.0566
0.0567
0.0641
0.1652
0.1862
0.1159
0.1174
0.0655
0.0867
0.0626
0.0576
0.0579
0.0579
0.0573
0.059
0.0594
0.0593
0.0695
0.0608
0.0599
0.0614
0.0599
0.0595
0.1348
0.0611
0.0566
0.0666
0.0651
0.0568
0.0624
0.0593
0.0572
0.0572
0.0577
0.0591
0.0592
0.0594
0.0594
0.0666
0.064
0.0595
0.0604
0.0595
0.0613
0.0612
0.0633
0.0625
0.0631
0.061
0.0604
0.1214
0.065
0.0793
0.0596
0.0621
0.0585
0.0547
0.061
0.0576
0.1067
0.0724
0.0595
0.06
0.0626
0.0626
0.0634
0.0653
0.0628
0.0639
0.0635
0.0623
0.0652
0.0642
0.06
0.0607
0.0623
0.0612
0.0629
0.066
0.0617
0.0591
0.0597
0.0624
0.0631
0.0611
0.06
0.0604
0.1946
0.0607
0.0587
0.0584
0.0593
0.0595
0.0577
0.1023
0.0562
0.0596
0.0739
0.0598
0.0585
0.0775
0.0588
0.0571
0.0582
0.0602
0.0608
0.0619
0.0622
0.0588
0.066
0.0575
0.0573
0.0572
0.0573
0.0582
0.0589
0.0605
0.0624
0.0635
0.0633
0.0621
0.0625
0.062
0.0602
0.0608
0.0592
0.0597
0.0585
0.0591
0.0584
0.0589
0.0602
0.0578
0.3401
0.0905
0.1503
0.067
0.0595
0.0601
0.0667
0.075
0.1383
0.07
0.0662
0.0719
0.0978
0.0834
0.1203
0.0809
0.0588
0.0598
0.0613
0.0617
0.0636
0.0738
0.0641
0.079
0.0662
0.064
0.3144
0.1341
0.1757
0.0571
0.0564
0.0606
0.0584
0.059
0.0614
0.0649
0.0627
0.0621
0.0621
0.0725
0.0665
0.0614
0.0597
0.0672
0.0606
0.0616
0.0619
0.0643
0.0645
0.0636
0.0604
0.0632
0.062
0.059
0.0623
0.0619
0.0606
0.0616
0.0608
0.0593
0.0599
0.0613
0.0598
0.0609
0.0614
0.0592
0.0598
0.0612
0.0583
0.0585
0.1127
0.0828
0.0888
0.0837
0.0655
0.0625
0.0567
0.0723
0.0658
0.0597
0.0608
0.0628
0.0687
0.0618
0.0647
0.1495
0.0599
0.0622
0.0662
0.0709
0.071
0.1827
0.0587
0.0577
0.0753
0.0674
0.0649
0.07
0.0646
0.0751
0.0636
0.0639
0.0668
0.0706
0.0621
0.0643
0.2179
0.0684
0.0632
0.0637
0.0663
0.0654
0.0666
0.0644
0.0662
0.0633
0.0639
0.0629
0.0629
0.0622
0.0641
0.0641
0.0777
0.0571
0.0586
0.0754
0.0652
0.0616
0.0666
0.07
0.0993
0.0744
0.0767
0.0656
0.0813
0.0752
0.0597
0.0623
0.07
0.0766
0.0862
0.0976
0.0624
0.0607
0.0612
0.0635
0.0663
0.0661
0.0648
0.1127
0.0649
0.0689
0.0652
0.0657
0.0809
0.056
0.0789
0.0705
0.0645
0.0633
0.0884
0.0581
0.0584
0.0595
0.0674
0.0694
0.0659
0.0652
0.0771
0.0702
0.0634
0.0607
0.0612
0.0639
0.0613
0.0616
0.063
0.061
0.0599
0.0629
0.0608
0.063
0.0626
0.0608
0.0612
0.0598
0.0588
0.0582
0.0611
0.1009
0.084
0.0739
0.0681
0.0727
0.0607
0.0603
0.0659
0.0627
0.1402
0.118
0.119
0.0982
0.0987
0.1045
0.2492
0.1185
0.0872
0.1038
0.1401
0.1442
0.0942
0.0914
0.3574
0.1132
0.1108
0.1001
0.0625
0.0586
0.0584
0.0577
0.0573
0.1478
0.0601
0.0605
0.0611
0.0631
0.0613
0.0609
0.0632
0.0608
0.064
0.0618
0.0605
0.0607
0.0619
0.0598
0.0594
0.0588
0.0585
0.0588
0.0598
0.0581
0.0578
0.0589
0.0592
0.0594
0.0576
0.0588
0.0585
0.0584
0.0582
0.0601
0.087
0.0556
0.0568
0.0569
0.0594
0.0628
0.0908
0.065
0.0744
0.069
0.0813
0.0692
0.0673
0.0793
0.06
0.0607
0.083
0.0623
0.0578
0.0708
0.0642
0.0671
0.0988
0.0622
0.0606
0.0589
0.0699
0.06
0.057
0.0572
0.0578
0.0582
0.058
0.059
0.1802
0.0622
0.061
0.0617
0.0979
0.0613
0.0601
0.0614
0.0597
0.0602
0.058
0.0586
0.0607
0.0627
0.0611
0.0623
0.0623
0.0593
0.0612
0.0602
0.0647
0.0598
0.0608
0.0606
0.0616
0.0606
0.0601
0.0608
0.0602
0.061
0.0588
0.0604
0.0608
0.1904
0.3127
0.1213
0.1
0.0895
0.0624
0.0602
0.0602
0.0614
0.0616
0.0636
0.0675
0.0645
0.0657
0.0642
0.0988
0.0602
0.0598
0.1025
0.0564
0.079
0.065
0.0579
0.0574
0.0752
0.0571
0.0566
0.0576
0.0575
0.0592
0.0609
0.0622
0.0626
0.0655
0.0606
0.06
0.0587
0.0589
0.0594
0.059
0.0609
0.0598
0.0594
0.058
0.0587
0.0577
0.0579
0.0583
0.0608
0.0586
0.0584
0.0568
0.0572
0.0586
0.0595
0.0607
0.061
0.0614
0.1037
0.0612
0.0618
0.0614
0.0614
0.0607
0.0619
0.1985
0.0793
0.0739
0.0848
0.0622
0.0844
0.0813
0.0552
0.063
0.0553
0.0555
0.0591
0.0577
0.0585
0.0597
0.0585
0.2039
0.0599
0.1139
0.0607
0.0595
0.1515
0.0575
0.0572
0.0677
0.0601
0.0554
0.0616
0.0603
0.0585
0.0572
0.0576
0.0578
0.0574
0.058
0.062
0.0594
0.0664
0.0619
0.0618
0.0618
0.0617
0.0586
0.0632
0.0613
0.0606
0.0625
0.0613
0.0618
0.0621
0.0616
0.0605
0.0593
0.0599
0.0617
0.0614
0.0602
0.0599
0.0595
0.0593
0.0603
0.0602
0.0598
0.0593
0.0582
0.0594
0.0595
0.0597
0.059
0.0597
0.0597
0.1845
0.3177
0.1284
0.0992
0.0645
0.0815
0.0704
0.0591
0.0582
0.0578
0.059
0.0684
0.0589
0.0592
0.0597
0.0618
0.0619
0.138
0.0572
0.0587
0.0631
0.0553
0.0563
0.0889
0.0598
0.0577
0.0584
0.0602
0.0625
0.0607
0.0607
0.1549
0.0603
0.0579
0.0574
0.0583
0.0578
0.0596
0.0599
0.0619
0.0622
0.0639
0.0634
0.0631
0.0632
0.0604
0.0607
0.0596
0.0599
0.0598
0.0597
0.0592
0.0964
0.1175
0.1162
0.0585
0.0575
0.0584
0.0581
0.0581
0.0604
0.0612
0.0632
0.1878
0.1639
0.0984
0.0882
0.1166
0.1095
0.0945
0.0757
0.0619
0.0686
0.0626
0.0874
0.0598
0.065
0.0602
0.0637
0.0629
0.0816
0.0594
0.0604
0.0647
0.0659
0.0577
0.0586
0.0579
0.0877
0.0594
0.0589
0.0566
0.0578
0.0576
0.0582
0.0573
0.0642
0.0596
0.0602
0.0587
0.0606
0.0576
0.0664
0.0612
0.0614
0.0621
0.0623
0.0636
0.0634
0.0628
0.0634
0.062
0.0623
0.0627
0.0617
0.0601
0.0597
0.1111
0.0562
0.0555
0.0702
0.0576
0.0577
0.1456
0.0625
0.0654
0.0623
0.0674
0.0603
0.0645
0.0572
0.0584
0.0627
0.0677
0.0946
0.082
0.0586
0.0577
0.0575
0.0582
0.0581
0.0595
0.0586
0.0586
0.0605
0.0622
0.0637
0.0612
0.0965
0.0648
0.0987
0.0559
0.0665
0.0589
0.0577
0.0594
0.0873
0.0587
0.0586
0.0579
0.059
0.0613
0.0608
0.0598
0.0605
0.1451
0.0597
0.0591
0.059
0.0594
0.0591
0.0586
0.0584
0.0582
0.0581
0.0616
0.0636
0.0621
0.0635
0.0627
0.0628
0.0629
0.06
0.0616
0.0583
0.0586
0.0601
0.059
0.0605
0.0618
0.0743
0.0774
0.1109
0.1103
0.088
0.1934
0.0675
0.0612
0.0601
0.0647
0.0644
0.0653
0.0698
0.094
0.0574
0.0567
0.0572
0.0581
0.0583
0.059
0.0605
0.06
0.0598
0.0607
0.1693
0.0607
0.0594
0.1366
0.0572
0.0565
0.0597
0.0627
0.0637
0.0619
0.0615
0.0589
0.0581
0.0587
0.0571
0.058
0.0588
0.0577
0.0572
0.0581
0.0616
0.0583
0.0576
0.0595
0.0594
0.0606
0.0625
0.0611
0.0605
0.0612
0.0611
0.0603
0.064
0.0642
0.0615
0.0575
0.0575
0.1901
0.0801
0.0877
0.0605
0.0649
0.0709
0.0681
0.0603
0.0576
0.0565
0.0565
0.0626
0.0564
0.0566
0.1762
0.0785
0.0552
0.0545
0.0543
0.054
0.0567
0.0587
0.061
0.0549
0.057
0.0568
0.0572
0.0559
0.0568
0.0564
0.0564
0.1384
0.0574
0.0572
0.0577
0.0563
0.057
0.0554
0.1488
0.0534
0.0529
0.0539
0.0561
0.0561
0.0578
0.059
0.0567
0.0565
0.0566
0.0561
0.0568
0.0568
0.0574
0.0549
0.0563
0.0591
0.0567
0.0567
0.0565
0.0565
0.0566
0.0564
0.0564
0.0563
0.0566
0.0564
0.0636
0.0569
0.0568
0.0565
0.0561
0.0983
0.0883
0.0759
0.0741
0.0691
0.0617
0.1176
0.0598
0.0579
0.06
0.057
0.0571
0.0575
0.0567
0.0574
0.0579
0.059
0.1385
0.0674
0.063
0.0633
0.0647
0.0911
0.0785
0.0828
0.0596
0.0578
0.058
0.0576
0.0589
0.0584
0.0586
0.1546
0.0606
0.0614
0.0599
0.0609
0.0627
0.0627
0.094
0.0576
0.0579
0.0738
0.0669
0.0598
0.09
0.0578
0.0571
0.0576
0.0584
0.0583
0.0607
0.0578
0.0588
0.0597
0.0684
0.0611
0.0601
0.0613
0.0613
0.0621
0.0608
0.0616
0.0604
0.0626
0.0613
0.059
0.0593
0.0596
0.0587
0.0592
0.0591
0.0591
0.0587
0.0587
0.0593
0.0578
0.059
0.0589
0.0569
0.0584
0.0584
0.058
0.0572
0.0585
0.0589
0.0595
0.0584
0.0586
0.2819
0.076
0.0887
0.0772
0.1915
0.0716
0.0803
0.0579
0.0591
0.0581
0.0595
0.0605
0.1405
0.0698
0.0699
0.0726
0.073
0.0698
0.0851
0.0583
0.0592
0.0689
0.0762
0.078
0.0747
0.0579
0.0614
0.0654
0.0777
0.0775
0.075
0.0676
0.0664
0.0634
0.0606
0.0616
0.0922
0.0602
0.0597
0.0603
0.0601
0.0669
0.0654
0.0649
0.0629
0.0656
0.0613
0.0594
0.2693
0.0582
0.0583
0.0595
0.0619
0.1179
0.0593
0.0588
0.06
0.0621
0.1131
0.1391
0.0867
0.1155
0.065
0.0683
0.0871
0.0686
0.0682
0.1183
0.0627
0.0591
0.0621
0.0625
0.0662
0.0685
0.1241
0.0807
0.2191
0.0629
0.068
0.0756
0.2625
0.1817
0.0612
0.0583
0.0586
0.0622
0.0653
0.069
0.068
0.0702
0.0656
0.0612
0.0606
0.0734
0.0624
0.063
0.0635
0.0649
0.0642
0.0647
0.0646
0.0652
0.0638
0.0629
0.0632
0.1231
0.0621
0.0627
0.063
0.0633
0.0574
0.0559
0.0588
0.0578
0.1937
0.1731
0.1887
0.2017
0.0641
0.0606
0.0682
0.0708
0.0974
0.0835
0.1196
0.0675
0.1308
0.0568
0.0598
0.2646
0.0644
0.0661
0.0667
0.0654
0.0649
0.1284
0.1242
0.0857
0.0557
0.0854
0.0581
0.0587
0.0626
0.0673
0.0648
0.069
0.0653
0.068
0.0739
0.0654
0.0647
0.0672
0.0683
0.0674
0.0662
0.0662
0.0635
0.0654
0.0632
0.0623
0.0644
0.0633
0.0652
0.0627
0.063
0.0622
0.0609
0.0618
0.1964
0.0853
0.0651
0.1144
0.0884
0.1004
0.0719
0.1186
0.1577
0.0746
0.0633
0.1074
0.1331
0.1603
0.1209
0.0647
0.0595
0.106
0.0986
0.0998
0.096
0.1031
0.0944
0.1093
0.189
0.1036
0.115
0.0754
0.1112
0.0741
0.0611
0.0612
0.0608
0.064
0.0623
0.0699
0.0703
0.0698
0.0688
0.0677
0.0654
0.0662
0.0642
0.0642
0.0644
0.0619
0.0631
0.0631
0.0643
0.0632
0.0643
0.0636
0.0631
0.0628
0.0626
0.0635
0.0614
0.0631
0.0634
0.1684
0.0877
0.0555
0.0572
0.0635
0.0688
0.0708
0.0949
0.0614
0.0615
0.0623
0.0621
0.1021
0.0774
0.0738
0.0697
0.1233
0.1651
0.1146
0.0653
0.0766
0.065
0.0631
0.0845
0.0629
0.0609
0.0661
0.0801
0.065
0.0645
0.063
0.0748
0.0636
0.0652
0.0683
0.067
0.0677
0.0691
0.0676
0.0652
0.067
0.0646
0.0647
0.0641
0.0641
0.0631
0.0623
0.0639
0.0623
0.0635
0.0614
0.0621
0.0622
0.063
0.0615
0.0635
0.0604
0.0637
0.0645
0.0665
0.061
0.063
0.199
0.1249
0.0905
0.0862
0.0665
0.0629
0.0636
0.069
0.0684
0.0683
0.0685
0.1379
0.0598
0.061
0.0665
0.0709
0.0703
0.0996
0.0602
0.0624
0.0814
0.0639
0.0658
0.0898
0.0587
0.0583
0.0604
0.0678
0.0775
0.0673
0.0664
0.1317
0.0713
0.0676
0.0674
0.0658
0.0644
0.0658
0.0645
0.0607
0.0607
0.0609
0.0613
0.0607
0.0622
0.0597
0.0597
0.0633
0.0588
0.0592
0.0602
0.0622
0.0616
0.0612
0.0618
0.062
0.0628
0.0631
0.0616
0.0614
0.0609
0.0933
0.059
0.1565
0.0721
0.0643
0.0676
0.0745
0.0784
0.1029
0.06
0.0568
0.0575
0.0602
0.062
0.0632
0.0622
0.0633
0.0807
0.0705
0.0712
0.0679
0.0699
0.0678
0.0956
0.0681
0.0733
0.079
0.0733
0.0967
0.0638
0.0631
0.0667
0.0707
0.0703
0.0645
0.0633
0.0626
0.073
0.0667
0.0647
0.0632
0.0705
0.0704
0.0704
0.0658
0.0621
0.0615
0.0594
0.0588
0.0623
0.06
0.0604
0.0593
0.0603
0.0621
0.0592
0.06
0.0609
0.0609
0.0599
0.0599
0.0609
0.0692
0.0778
0.0617
0.0622
0.0595
0.0641
0.0684
0.1068
0.0707
0.0577
0.0613
0.0683
0.1095
0.0838
0.0586
0.0578
0.0599
0.0627
0.0645
0.0674
0.0686
0.1165
0.0668
0.063
0.0666
0.0664
0.0658
0.1194
0.0588
0.0539
0.063
0.0756
0.1265
0.0663
0.087
0.0587
0.0571
0.0596
0.0632
0.0709
0.0689
0.0659
0.1496
0.0706
0.0674
0.0667
0.0648
0.0641
0.0687
0.0639
0.0637
0.0642
0.0641
0.0649
0.0627
0.0641
0.0604
0.0613
0.0626
0.061
0.0608
0.0608
0.0608
0.0596
0.0604
0.0601
0.061
0.062
0.0593
0.0619
0.0621
0.2148
0.1235
0.1595
0.1392
0.0883
0.0655
0.1218
0.0587
0.0572
0.0612
0.0634
0.0666
0.0759
0.0682
0.1816
0.0694
0.0689
0.0674
0.0652
0.0649
0.1118
0.0549
0.0644
0.079
0.0626
0.0641
0.0853
0.058
0.0606
0.065
0.0659
0.0761
0.0657
0.072
0.1376
0.0747
0.0675
0.0651
0.066
0.0615
0.064
0.0634
0.0607
0.0619
0.0639
0.0609
0.0624
0.0606
0.0603
0.0577
0.0609
0.0598
0.0596
0.0584
0.0594
0.058
0.0592
0.0593
0.0601
0.0924
0.0695
0.0812
0.0717
0.0638
0.1092
0.1191
0.073
0.0591
0.0669
0.0875
0.1014
0.0907
0.0574
0.0573
0.061
0.0566
0.0621
0.0624
0.0724
0.0649
0.0652
0.0782
0.0706
0.0669
0.0691
0.1098
0.0653
0.067
0.0752
0.0758
0.0744
0.0602
0.0571
0.0609
0.0671
0.0723
0.0611
0.0675
0.0636
0.0764
0.0647
0.0649
0.0681
0.0686
0.0702
0.0696
0.0631
0.0653
0.0641
0.0607
0.0626
0.0614
0.0593
0.0574
0.06
0.0608
0.0613
0.1583
0.091
0.1335
0.0814
0.0914
0.083
0.0606
0.0636
0.0692
0.0999
0.0609
0.0608
0.0671
0.0788
0.0759
0.0788
0.0779
0.0641
0.0642
0.0703
0.1022
0.0848
0.0667
0.0597
0.0696
0.0667
0.0699
0.0739
0.0763
0.0669
0.0671
0.0773
0.0687
0.0665
0.0678
0.0784
0.0585
0.0601
0.0653
0.0666
0.0619
0.0639
0.1446
0.066
0.0625
0.0638
0.0644
0.0695
0.0665
0.0665
0.0632
0.0652
0.0607
0.0625
0.1397
0.0915
0.0647
0.071
0.0773
0.0682
0.0625
0.0793
0.076
0.0962
0.0598
0.0607
0.0672
0.075
0.0779
0.1529
0.0956
0.0624
0.0612
0.0667
0.0736
0.0801
0.0894
0.0573
0.0595
0.0575
0.0606
0.0654
0.0653
0.0676
0.0723
0.0739
0.0711
0.0699
0.0892
0.0942
0.0578
0.0584
0.0849
0.0672
0.0655
0.0709
0.064
0.0614
0.0657
0.0694
0.0698
0.0672
0.0652
0.0629
0.0691
0.0654
0.0661
0.0671
0.0689
0.0704
0.0663
0.0668
0.0704
0.0674
0.0692
0.0683
0.0681
0.0648
0.0658
0.0634
0.0618
0.0636
0.0617
0.0621
0.0631
0.0628
0.062
0.0646
0.061
0.0623
0.0619
0.0615
0.0634
0.0596
0.0618
0.103
0.0589
0.0584
0.0628
0.1116
0.0873
0.0905
0.0589
0.0585
0.0583
0.0605
0.077
0.0626
0.0655
0.0681
0.205
0.0681
0.0568
0.0728
0.2336
0.0664
0.1535
0.0779
0.0938
0.0578
0.0579
0.0627
0.0746
0.0689
0.0713
0.0653
0.0658
0.0793
0.0682
0.0664
0.067
0.0705
0.0706
0.0688
0.0656
0.0676
0.0643
0.0635
0.0646
0.0632
0.0628
0.061
0.0623
0.0636
0.0629
0.0639
0.1208
0.0617
0.0626
0.0604
0.0625
0.0604
0.0602
0.0629
0.0797
0.0624
0.143
0.061
0.3215
0.0634
0.0611
0.063
0.0695
0.0847
0.0885
0.065
0.0629
0.0615
0.0575
0.0568
0.0586
0.0711
0.0693
0.0694
0.0741
0.0703
0.0704
0.0876
0.0735
0.0744
0.0789
0.0795
0.0751
0.0738
0.0599
0.074
0.0652
0.0777
0.0773
0.1051
0.072
0.0693
0.0826
0.0692
0.0703
0.0701
0.0721
0.0733
0.0703
0.0683
0.0671
0.0662
0.0635
0.0639
0.0599
0.063
0.0613
0.0614
0.0626
0.0616
0.0614
0.0632
0.0622
0.0618
0.0631
0.0631
0.0597
0.0643
0.1052
0.0766
0.1305
0.0638
0.0755
0.0678
0.0877
0.0609
0.0586
0.0583
0.0649
0.062
0.0656
0.0641
0.0652
0.0737
0.0707
0.072
0.0675
0.0693
0.0662
0.1175
0.0583
0.0583
0.0642
0.0709
0.074
0.0926
0.0577
0.0567
0.0599
0.0652
0.0705
0.077
0.0813
0.0725
0.0685
0.0676
0.0628
0.0639
0.0636
0.0606
0.0621
0.0609
0.0619
0.0619
0.0618
0.0593
0.0592
0.0632
0.06
0.0601
0.061
0.0598
0.0614
0.0617
0.0595
0.06
0.0617
0.0602
0.214
0.0659
0.1697
0.0838
0.0894
0.0714
0.0579
0.0614
0.0689
0.076
0.0773
0.073
0.125
0.0593
0.0576
0.0571
0.0599
0.0659
0.0671
0.0718
0.0669
0.1516
0.0717
0.0686
0.0669
0.1459
0.08
0.068
0.0764
0.0643
0.0647
0.0759
0.0611
0.0622
0.0656
0.0678
0.0777
0.0636
0.0642
0.1128
0.0615
0.0604
0.0619
0.0652
0.0655
0.0654
0.0685
0.0691
0.0658
0.0669
0.0658
0.0645
0.0638
0.0627
0.0619
0.0603
0.0609
0.0605
0.0621
0.2899
0.1263
0.1307
0.0777
0.0729
0.0709
0.0779
0.0763
0.0997
0.1787
0.2242
0.0857
0.1539
0.0937
0.0979
0.1107
0.1533
0.0961
0.1012
0.1909
0.1187
0.307
0.1195
0.0796
0.0596
0.0623
0.0648
0.1157
0.0575
0.0577
0.1126
0.0645
0.0619
0.0631
0.0698
0.071
0.0723
0.0731
0.0736
0.067
0.0652
0.0622
0.0618
0.0633
0.0614
0.0635
0.0615
0.0624
0.0618
0.0615
0.0609
0.0592
0.0593
0.0625
0.0851
0.0823
0.0585
0.0612
0.065
0.0696
0.2004
0.0818
0.0701
0.0729
0.0761
0.0788
0.11
0.2
0.088
0.0618
0.0748
0.08
0.0644
0.0695
0.0837
0.1165
0.0706
0.0585
0.0886
0.0691
0.0741
0.0737
0.0717
0.0948
0.0632
0.0613
0.0635
0.0667
0.0701
0.0667
0.0661
0.0681
0.0861
0.0648
0.061
0.065
0.0697
0.0718
0.0723
0.0718
0.0725
0.0691
0.0715
0.0676
0.0659
0.0654
0.0658
0.0655
0.0641
0.066
0.0638
0.0626
0.0642
0.0622
0.0617
0.0643
0.0632
0.063
0.0625
0.0606
0.0615
0.0625
0.06
0.097
0.0738
0.0703
0.071
0.0913
0.0615
0.0579
0.0595
0.0613
0.0689
0.0746
0.0714
0.0707
0.1819
0.0707
0.0714
0.071
0.0712
0.0944
0.0557
0.0584
0.0869
0.0674
0.0667
0.0875
0.0578
0.0596
0.0676
0.0665
0.0689
0.0651
0.0615
0.0623
0.1179
0.068
0.0684
0.066
0.0662
0.0638
0.063
0.0636
0.0647
0.063
0.0638
0.0642
0.0632
0.0621
0.0641
0.0649
0.0645
0.0642
0.0612
0.0605
0.0636
0.0629
0.0604
0.0622
0.0612
0.0606
0.0612
0.0606
0.0633
0.0597
0.0637
0.0809
0.0877
0.089
0.0613
0.0644
0.1053
0.0716
0.0629
0.1053
0.0584
0.0761
0.0733
0.0675
0.0977
0.078
0.0794
0.0755
0.069
0.0939
0.147
0.0706
0.0695
0.083
0.0611
0.0628
0.0752
0.0603
0.0631
0.0663
0.0711
0.0745
0.0665
0.0675
0.0675
0.0929
0.0642
0.0631
0.0674
0.0698
0.0736
0.0752
0.0746
0.0823
0.0786
0.0774
0.0603
0.0621
0.0675
0.0698
0.0765
0.0742
0.0744
0.0693
0.0667
0.064
0.0618
0.0625
0.0629
0.0617
0.0614
0.0637
0.0638
0.062
0.0901
0.0692
0.068
0.1481
0.0731
0.0954
0.0603
0.0584
0.0632
0.0728
0.077
0.0779
0.0727
0.0825
0.0592
0.0622
0.0642
0.0717
0.0754
0.1099
0.0572
0.0642
0.0722
0.0718
0.0748
0.0625
0.0589
0.0593
0.0645
0.0717
0.0745
0.0706
0.0684
0.0743
0.0679
0.0639
0.0657
0.0641
0.0629
0.0628
0.0634
0.0614
0.0615
0.061
0.0608
0.0632
0.0624
0.0627
0.0626
0.062
0.0612
0.0628
0.0625
0.062
0.0614
0.0623
0.0626
0.0609
0.0618
0.063
0.0617
0.0623
0.061
0.0618
0.0613
0.061
0.0796
0.0704
0.0806
0.083
0.0614
0.0674
0.0816
0.1719
0.0841
0.0688
0.1117
0.0667
0.119
0.0589
0.0736
0.0624
0.1285
0.072
0.1334
0.1014
0.0851
0.1907
0.1126
0.225
0.1971
0.0852
0.1526
0.2028
0.0785
0.0809
0.0868
0.0744
0.1643
0.1133
0.087
0.0969
0.0666
0.0919
0.0872
0.1775
0.0894
0.0772
0.1601
0.0753
0.0649
0.0698
0.1179
0.0995
0.1203
0.0728
0.1103
0.1107
0.0818
0.0602
0.0598
0.1156
0.1578
0.1253
0.1845
0.1162
0.1017
0.0724
0.0857
0.0848
0.1265
0.0894
0.084
0.0716
0.242
0.0677
0.0608
0.0642
0.0714
0.0762
0.0747
0.0731
0.0719
0.0829
0.0693
0.0714
0.0709
0.0716
0.0711
0.0705
0.069
0.0714
0.0711
0.0706
0.0688
0.0704
0.0712
0.0708
0.1851
0.0662
0.1374
0.09
0.0635
0.0702
0.0949
0.0603
0.1209
0.1264
0.0752
0.0611
0.06
0.0617
0.0645
0.07
0.0815
0.073
0.0673
0.1079
0.0711
0.0707
0.1055
0.0719
0.0625
0.0666
0.0751
0.0721
0.0674
0.0718
0.089
0.0672
0.0696
0.0755
0.0762
0.0742
0.0732
0.0748
0.0697
0.0752
0.0732
0.0709
0.0733
0.0732
0.0716
0.0727
0.0929
0.0579
0.0584
0.063
0.0734
0.0763
0.0779
0.0725
0.0702
0.0699
0.068
0.1767
0.0936
0.0655
0.0679
0.0752
0.2649
0.1019
0.0952
0.1019
0.0883
0.0858
0.1437
0.0704
0.0665
0.0648
0.103
0.1088
0.1256
0.0888
0.0878
0.0599
0.0579
0.0588
0.0767
0.0641
0.0669
0.0641
0.0637
0.1301
0.0694
0.0627
0.0633
0.0652
0.0769
0.0712
0.0678
0.0708
0.0695
0.0724
0.0682
0.0666
0.0651
0.0665
0.0666
0.0638
0.0627
0.0798
0.0595
0.0586
0.0601
0.0605
0.0648
0.0671
0.0697
0.0702
0.0704
0.0641
0.1915
0.0873
0.0781
0.0727
0.0815
0.0885
0.0842
0.0702
0.0674
0.0836
0.0947
0.0887
0.0945
0.0805
0.0856
0.0592
0.1488
0.0654
0.065
0.0696
0.0683
0.0716
0.0734
0.0778
0.0842
0.0642
0.0612
0.0648
0.0648
0.0741
0.0673
0.0649
0.0744
0.0599
0.0641
0.0677
0.0692
0.0699
0.0653
0.0652
0.0611
0.0614
0.0924
0.0593
0.0607
0.0622
0.065
0.0852
0.0682
0.078
0.0606
0.0616
0.0671
0.0683
0.4914
0.4199
0.1433
0.1297
0.1677
0.1018
0.0614
0.0576
0.0582
0.0615
0.0623
0.0667
0.0737
0.0723
0.1036
0.0616
0.0611
0.0632
0.0656
0.0678
0.0902
0.067
0.0657
0.0615
0.0581
0.0591
0.0623
0.0683
0.0755
0.0805
0.0675
0.0791
0.0687
0.0695
0.0715
0.0686
0.0653
0.0655
0.0648
0.0632
0.0644
0.0627
0.0637
0.0621
0.0631
0.0599
0.0614
0.0613
0.0618
0.0631
0.0606
0.0959
0.0719
0.0692
0.0793
0.0737
0.069
0.0704
0.1337
0.063
0.0632
0.065
0.0741
0.0725
0.0744
0.0697
0.1014
0.0734
0.0724
0.0765
0.0809
0.0804
0.0804
0.0734
0.0707
0.0696
0.0743
0.1366
0.0637
0.0677
0.0697
0.0688
0.069
0.0666
0.111
0.0641
0.0623
0.0759
0.0901
0.0961
0.0689
0.0903
0.0668
0.0757
0.0605
0.0708
0.0723
0.0755
0.0886
0.0597
0.0584
0.0587
0.0599
0.0603
0.0653
0.0691
0.0654
0.0792
0.0727
0.068
0.068
0.062
0.0614
0.0695
0.0683
0.0682
0.0693
0.0674
0.0692
0.1013
0.0785
0.0684
0.0659
0.0677
0.4908
0.0868
0.0689
0.0753
0.0703
0.0913
0.0863
0.0627
0.0584
0.0579
0.0792
0.0633
0.0639
0.062
0.066
0.0871
0.0903
0.0591
0.0608
0.0598
0.0614
0.0639
0.061
0.0643
0.0648
0.1139
0.0652
0.0573
0.058
0.0569
0.0588
0.0589
0.1395
0.0641
0.0645
0.067
0.0692
0.0725
0.0696
0.075
0.0704
0.0672
0.0646
0.0619
0.0648
0.0612
0.0622
0.0635
0.0617
0.0637
0.0616
0.0626
0.0991
0.0575
0.058
0.0606
0.0635
0.0694
0.1638
0.0628
0.0584
0.1436
0.1072
0.2067
0.2881
0.0967
0.0793
0.0921
0.1302
0.1383
0.1621
0.1926
0.1319
0.1663
0.2961
0.1507
0.1409
0.0739
0.0966
0.0806
0.0925
0.086
0.087
0.1581
0.1591
0.0891
0.104
0.0901
0.0602
0.0602
0.065
0.0672
0.0747
0.0746
0.0708
0.1816
0.061
0.0659
0.0948
0.1022
0.0783
0.0747
0.0575
0.0595
0.0607
0.0607
0.063
0.0649
0.0638
0.0612
0.0621
0.0686
0.0705
0.0709
0.0692
0.0862
0.0799
0.0701
0.0826
0.0698
0.0667
0.0764
0.0621
0.0584
0.0575
0.1103
0.0666
0.0713
0.0688
0.0694
0.0684
0.066
0.0707
0.0877
0.0675
0.0656
0.0706
0.074
0.0743
0.071
0.0754
0.069
0.0694
0.067
0.0642
0.0672
0.0614
0.0626
0.0607
0.062
0.0609
0.0602
0.0606
0.0595
0.1675
0.0755
0.0811
0.1168
0.1058
0.063
0.065
0.1453
0.1039
0.0735
0.0878
0.1379
0.0967
0.0589
0.0575
0.0576
0.0608
0.0643
0.0709
0.1154
0.0803
0.0785
0.091
0.0669
0.0731
0.0778
0.0631
0.0591
0.0604
0.072
0.0691
0.0671
0.0726
0.0723
0.0715
0.0707
0.0652
0.0655
0.067
0.0621
0.0639
0.064
0.0634
0.0632
0.063
0.0618
0.0628
0.0614
0.0598
0.0607
0.0614
0.0601
0.0582
0.061
0.0604
0.0587
0.0616
0.0577
0.0606
0.0884
0.0673
0.0655
0.092
0.0778
0.0691
0.0938
0.0765
0.0636
0.065
0.0698
0.1124
0.0587
0.0579
0.056
0.1106
0.0625
0.0685
0.0728
0.075
0.0718
0.0663
0.0682
0.0674
0.0656
0.1003
0.0575
0.0563
0.0854
0.0735
0.0724
0.0718
0.0919
0.0739
0.0658
0.0596
0.0581
0.0689
0.0655
0.0588
0.0627
0.0651
0.0877
0.0602
0.0599
0.0635
0.0706
0.0741
0.077
0.0711
0.0691
0.0665
0.0631
0.0646
0.0626
0.0609
0.0608
0.0617
0.1047
0.0722
0.079
0.0706
0.0742
0.0813
0.0707
0.0746
0.0681
0.0663
0.077
0.0822
0.0794
0.0704
0.0723
0.0775
0.097
0.0612
0.0579
0.0621
0.0656
0.067
0.0664
0.1377
0.0647
0.0633
0.0663
0.0713
0.0739
0.0712
0.2057
0.0854
0.0683
0.0861
0.0724
0.0671
0.0786
0.0617
0.0616
0.0594
0.0649
0.0959
0.0597
0.0622
0.0635
0.0709
0.0708
0.0716
0.0679
0.0682
0.0637
0.0636
0.0641
0.0602
0.0606
0.0603
0.0607
0.0595
0.0631
0.0614
0.062
0.0596
0.0607
0.0605
0.0616
0.0613
0.0617
0.0629
0.0648
0.06
0.0621
0.0617
0.0616
0.0643
0.0673
0.079
0.0798
0.0741
0.0694
0.0728
0.0748
0.0724
0.0895
0.0792
0.0575
0.0642
0.0578
0.0587
0.0598
0.0588
0.0686
0.0713
0.0736
0.0713
0.0727
0.0702
0.067
0.1577
0.0611
0.0565
0.0606
0.0681
0.0727
0.0773
0.0786
0.0624
0.0589
0.0581
0.0583
0.1275
0.0673
0.0688
0.0706
0.0696
0.0699
0.0717
0.0658
0.0638
0.0614
0.0652
0.0649
0.0639
0.0624
0.0605
0.0616
0.0616
0.0612
0.0604
0.0617
0.0617
0.0628
0.0592
0.0598
0.0604
0.0616
0.0574
0.0588
0.0605
0.0597
0.1028
0.0847
0.1386
0.071
0.0866
0.124
0.0715
0.0709
0.0726
0.0666
0.0624
0.0567
0.0586
0.0563
0.0599
0.0609
0.0588
0.0671
0.0707
0.0747
0.0723
0.0709
0.0702
0.0701
0.0667
0.0632
0.0647
0.0675
0.0701
0.0739
0.0878
0.0587
0.0604
0.062
0.0602
0.1703
0.0716
0.0729
0.0684
0.0699
0.0681
0.0682
0.0652
0.0656
0.0599
0.0617
0.0625
0.0623
0.0604
0.0621
0.0615
0.0608
0.0621
0.0613
0.0619
0.0613
0.0617
0.0596
0.0603
0.0913
0.069
0.0654
0.0626
0.0782
0.0627
0.0636
0.0713
0.0876
0.1683
0.0641
0.0614
0.063
0.0723
0.0767
0.0754
0.0609
0.055
0.056
0.0559
0.0585
0.0577
0.0593
0.069
0.0725
0.0721
0.0745
0.0758
0.0706
0.0686
0.1545
0.0594
0.0561
0.0648
0.1035
0.0652
0.0658
0.062
0.0628
0.0687
0.0732
0.0645
0.0674
0.1346
0.071
0.0674
0.0651
0.0665
0.065
0.0645
0.0615
0.0654
0.0611
0.0672
0.061
0.0594
0.0591
0.0613
0.0596
0.0604
0.1114
0.1452
0.1802
0.077
0.0564
0.0561
0.0611
0.0816
0.0585
0.0625
0.0676
0.0685
0.0728
0.1413
0.1367
0.0659
0.0791
0.0899
0.0821
0.0583
0.0566
0.0588
0.0605
0.0589
0.0614
0.0801
0.0632
0.0662
0.068
0.0706
0.0718
0.0702
0.1585
0.0722
0.0654
0.069
0.0732
0.0771
0.0621
0.0565
0.0571
0.0621
0.0711
0.0669
0.0684
0.0772
0.0689
0.0671
0.0655
0.0658
0.0636
0.068
0.0652
0.0621
0.066
0.0623
0.0631
0.1013
0.0885
0.108
0.0887
0.0712
0.0852
0.0613
0.0589
0.0608
0.0692
0.0747
0.0732
0.0712
0.0716
0.1512
0.0891
0.068
0.068
0.0761
0.0835
0.0801
0.0872
0.0663
0.076
0.0573
0.0591
0.0599
0.0575
0.0667
0.0692
0.0747
0.0745
0.0773
0.0754
0.0651
0.0649
0.0666
0.0684
0.0694
0.0781
0.0624
0.0653
0.0666
0.0808
0.0659
0.0723
0.0767
0.0663
0.0683
0.0654
0.064
0.0659
0.0631
0.0623
0.0651
0.0657
0.0938
0.0726
0.0751
0.0631
0.0645
0.0735
0.0828
0.0655
0.0682
0.0856
0.0614
0.058
0.0582
0.0696
0.0614
0.0613
0.0685
0.0586
0.0606
0.0632
0.1064
0.0778
0.0745
0.0641
0.0591
0.0787
0.0792
0.0615
0.0566
0.0571
0.0574
0.0578
0.0613
0.0611
0.0582
0.0616
0.0637
0.0647
0.0743
0.0617
0.0569
0.0567
0.0574
0.0628
0.0542
0.0633
0.064
0.0638
0.0646
0.0619
0.0588
0.0555
0.0612
0.0559
0.0569
0.0695
0.0644
0.0578
0.0571
0.0611
0.0604
0.0582
0.0579
0.0569
0.0943
0.0812
0.0729
0.0712
0.0742
0.066
0.0583
0.0547
0.0659
0.0566
0.0575
0.067
0.0574
0.0568
0.0561
0.0568
0.0555
0.0614
0.0561
0.0557
0.0608
0.0562
0.0566
0.0569
0.0565
0.0596
0.1392
0.0602
0.0623
0.0659
0.0686
0.057
0.0565
0.0769
0.0601
0.0562
0.0561
0.056
0.0556
0.0559
0.0561
0.0549
0.0556
0.0605
0.0559
0.0555
0.0961
0.0567
0.0642
0.0551
0.0886
0.0564
0.0591
0.0552
0.0635
0.0613
0.0613
0.0789
0.0568
0.0556
0.0695
0.0552
0.0541
0.0562
0.0554
0.0549
0.0556
0.1142
0.0556
0.0554
0.0559
0.0559
0.0552
0.0553
0.0553
0.0653
0.0649
0.0554
0.0554
0.0549
0.0631
0.0653
0.0562
0.0554
0.0563
0.0559
0.0554
0.0553
0.0551
0.0557
0.0553
0.0552
0.0635
0.056
0.0556
0.0559
0.0636
0.1363
0.0818
0.0756
0.0732
0.0646
0.0892
0.0582
0.0596
0.0593
0.0596
0.0601
0.076
0.0571
0.056
0.0558
0.0666
0.0557
0.0553
0.0553
0.0555
0.0561
0.063
0.0555
0.0552
0.0625
0.0559
0.0558
0.0617
0.056
0.0656
0.0597
0.0562
0.0584
0.0602
0.0592
0.0761
0.0574
0.0561
0.0556
0.055
0.055
0.0558
0.055
0.0554
0.0552
0.056
0.0966
0.0555
0.0555
0.0558
0.0562
0.0571
0.0558
0.0558
0.0809
0.056
0.0549
0.0547
0.0551
0.0551
0.0554
0.0548
0.055
0.0553
0.055
0.0555
0.0551
0.055
0.0553
0.0559
0.0557
0.055
0.0554
0.0557
0.0548
0.0553
0.0557
0.0554
0.0552
0.0558
0.1446
0.1465
0.0742
0.0861
0.0572
0.0634
0.0753
0.1092
0.0608
0.0809
0.1065
0.0594
0.0812
0.1081
0.1069
0.0866
0.1636
0.2119
0.1675
0.1434
0.0919
0.1047
0.127
0.0823
0.2005
0.1035
0.1162
0.0905
0.0621
0.0585
0.0581
0.0582
0.0589
0.0584
0.0574
0.0576
0.0579
0.0579
0.058
0.0577
0.0582
0.0578
0.0578
0.0569
0.058
0.0578
0.0578
0.0579
0.0583
0.0577
0.0571
0.0579
0.0585
0.058
0.0579
0.0575
0.0577
0.058
0.0573
0.1924
0.0964
0.0899
0.1199
0.1724
0.0816
0.0854
0.0623
0.0602
0.0589
0.0594
0.0583
0.0588
0.0653
0.0588
0.0584
0.0583
0.0575
0.0577
0.1495
0.0526
0.0518
0.054
0.057
0.0543
0.0682
0.0598
0.0585
0.0581
0.0583
0.0579
0.0589
0.0586
0.0583
0.0579
0.0583
0.0593
0.0583
0.0575
0.058
0.0585
0.0586
0.0572
0.058
0.0584
0.058
0.058
0.0582
0.0586
0.0582
0.0576
0.0581
0.0576
0.0581
0.0583
0.0579
0.0587
0.0578
0.0581
0.0578
0.0577
0.0578
0.0579
0.0578
0.1534
0.1188
0.084
0.0634
0.0596
0.1307
0.0806
0.061
0.0641
0.0595
0.0646
0.0665
0.0597
0.0591
0.0584
0.0586
0.0595
0.0584
0.0581
0.0585
0.0578
0.058
0.0578
0.0683
0.0591
0.0575
0.057
0.0581
0.0606
0.0523
0.0523
0.0539
0.062
0.0831
0.0606
0.0585
0.0589
0.06
0.0586
0.0583
0.0585
0.0582
0.0582
0.0584
0.0584
0.0605
0.0582
0.0582
0.0574
0.0581
0.0578
0.0577
0.0581
0.0574
0.0585
0.0582
0.098
0.0545
0.0537
0.088
0.0611
0.0585
0.0586
0.062
0.0585
0.7525
0.0628
0.0655
0.0629
0.0589
0.0581
0.0577
0.058
0.0584
0.0587
0.0761
0.056
0.0545
0.0634
0.1038
0.067
0.0599
0.0586
0.0587
0.0581
0.0582
0.0587
0.057
0.0625
0.0596
0.0582
0.0582
0.0581
0.0577
0.058
0.0578
0.1213
0.0555
0.0544
0.0669
0.0523
0.0518
0.0519
0.0529
0.0524
0.0698
0.0594
0.0583
0.0583
0.058
0.0583
0.058
0.0578
0.0582
0.0581
0.0587
0.0585
0.0583
0.0582
0.1087
0.0583
0.0583
0.0583
0.058
0.0582
0.0582
0.0584
0.0585
0.0585
0.058
0.0586
0.0585
0.0583
0.0585
0.0579
0.0581
0.0578
0.0582
0.0581
0.0581
0.0583
0.058
0.058
0.0583
0.0582
0.0579
0.058
0.058
0.0582
0.0578
0.2234
0.0691
0.0639
0.067
0.0602
0.0723
0.0585
0.0579
0.0579
0.0581
0.0579
0.0573
0.0578
0.0997
0.0576
0.0577
0.0573
0.0579
0.0574
0.0575
0.0579
0.0572
0.0574
0.0584
0.0679
0.055
0.0551
0.0548
0.1067
0.1232
0.059
0.0583
0.0585
0.0579
0.0596
0.0593
0.0577
0.0575
0.0577
0.0572
0.0574
0.0573
0.1157
0.0585
0.0588
0.057
0.0577
0.0575
0.0573
0.0576
0.0571
0.0576
0.0561
0.0572
0.0572
0.0564
0.0576
0.0574
0.0576
0.0573
0.0572
0.0561
0.0574
0.0576
0.0559
0.0575
0.0575
0.058
0.0571
0.0575
0.0921
0.1332
0.0795
0.0847
0.0775
0.0558
0.0558
0.0862
0.0788
0.0598
0.0589
0.0666
0.058
0.0583
0.058
0.0579
0.0573
0.0575
0.0578
0.0576
0.0575
0.0573
0.058
0.0571
0.0578
0.0569
0.0576
0.1414
0.0528
0.0521
0.0553
0.056
0.0748
0.0597
0.0584
0.0576
0.0577
0.058
0.0581
0.0574
0.0583
0.0577
0.0568
0.0576
0.0573
0.0666
0.0576
0.0577
0.0576
0.0578
0.0574
0.0571
0.0573
0.057
0.0574
0.0573
0.0572
0.0574
0.0575
0.0574
0.0567
0.0577
0.0575
0.0574
0.0581
0.0576
0.0571
0.0569
0.0576
0.0578
0.1674
0.0714
0.1696
0.0718
0.0697
0.0643
0.074
0.0572
0.0561
0.0549
0.0555
0.089
0.0675
0.0578
0.0581
0.0581
0.0577
0.0575
0.0575
0.0573
0.0571
0.0634
0.0575
0.0579
0.0578
0.0576
0.0575
0.0573
0.0575
0.057
0.0576
0.0692
0.0543
0.0559
0.057
0.057
0.0582
0.0576
0.0572
0.0578
0.0573
0.0571
0.0574
0.0578
0.0569
0.0567
0.0577
0.1722
0.0582
0.0579
0.0575
0.0575
0.0577
0.0574
0.0576
0.0574
0.0577
0.0572
0.0573
0.057
0.058
0.0581
0.0571
0.0572
0.0573
0.0574
0.0577
0.0582
0.1729
0.0907
0.1705
0.1355
0.076
0.1022
0.0628
0.0559
0.0589
0.1599
0.0779
0.0562
0.0564
0.0555
0.0554
0.0552
0.0784
0.0848
0.0615
0.0613
0.0551
0.0539
0.0625
0.0585
0.058
0.0584
0.0658
0.0581
0.0578
0.0575
0.0575
0.0571
0.0574
0.0678
0.0546
0.0559
0.061
0.0568
0.0588
0.0576
0.0577
0.0573
0.0576
0.0577
0.0571
0.0574
0.0576
0.0579
0.0576
0.0641
0.0576
0.0575
0.0575
0.0567
0.0574
0.0573
0.0574
0.057
0.0574
0.0573
0.0575
0.0575
0.0579
0.0575
0.0579
0.058
0.0576
0.0575
0.0572
0.0575
0.0572
0.0575
0.0576
0.0567
0.0574
0.0576
0.0579
0.0573
0.0575
0.0574
0.0573
0.0575
0.0573
0.1077
0.1543
0.3399
0.1547
0.0665
0.0579
0.0593
0.1263
0.0607
0.0583
0.0581
0.191
0.0603
0.0581
0.0582
0.0575
0.058
0.0576
0.1256
0.0546
0.055
0.0559
0.056
0.0564
0.0594
0.0609
0.0583
0.0579
0.0583
0.0576
0.057
0.0587
0.0572
0.057
0.0575
0.0681
0.058
0.0579
0.0585
0.0576
0.0575
0.0575
0.0572
0.0571
0.0575
0.0577
0.057
0.0571
0.0572
0.0572
0.0574
0.0572
0.0572
0.0573
0.0569
0.0578
0.0572
0.0573
0.0576
0.0572
0.0577
0.0575
0.0576
0.0577
0.0575
0.0575
0.0574
0.0575
0.0566
0.058
0.2546
0.1055
0.0614
0.0811
0.0602
0.0589
0.1884
0.063
0.0587
0.0582
0.0704
0.0568
0.0568
0.0562
0.058
0.0571
0.0564
0.0566
0.0565
0.0728
0.1075
0.0848
0.0739
0.064
0.0588
0.0581
0.0578
0.0582
0.0639
0.0577
0.0575
0.0571
0.0699
0.0572
0.0564
0.0557
0.0559
0.0554
0.0566
0.0557
0.0571
0.0574
0.0557
0.0554
0.0561
0.0557
0.0558
0.0561
0.0552
0.0553
0.0555
0.0557
0.0584
0.056
0.0554
0.0553
0.0556
0.0553
0.0555
0.0557
0.0553
0.0554
0.2497
0.0845
0.0616
0.0759
0.0599
0.1377
0.0643
0.0672
0.0615
0.0882
0.0585
0.0574
0.0567
0.0565
0.0569
0.056
0.0554
0.0563
0.0561
0.0563
0.0562
0.0555
0.0562
0.0556
0.056
0.0559
0.0564
0.0558
0.0561
0.0555
0.1078
0.0582
0.0571
0.0579
0.0642
0.0571
0.0565
0.056
0.0566
0.056
0.0559
0.0555
0.0558
0.0563
0.0558
0.0562
0.1172
0.056
0.0561
0.0563
0.0557
0.0563
0.056
0.0552
0.0564
0.0562
0.0565
0.0567
0.0563
0.0565
0.0563
0.1742
0.0768
0.0609
0.0603
0.0602
0.0601
0.0593
0.0601
0.1233
0.215
0.0711
0.0652
0.0595
0.0585
0.0767
0.0719
0.0645
0.0788
0.0629
0.0615
0.0577
0.0569
0.0572
0.0564
0.0566
0.0563
0.0567
0.0556
0.0562
0.0559
0.0559
0.056
0.0556
0.056
0.0557
0.0556
0.056
0.0555
0.0555
0.0699
0.0941
0.0644
0.0632
0.0584
0.0575
0.059
0.0577
0.0572
0.0577
0.0577
0.057
0.0573
0.0571
0.0742
0.0575
0.0568
0.0569
0.057
0.0568
0.0569
0.0564
0.0567
0.1219
0.0573
0.057
0.0571
0.0567
0.0571
0.0571
0.0572
0.0569
0.0572
0.0569
0.0572
0.0571
0.0571
0.058
0.0564
0.0577
0.0573
0.0567
0.057
0.0574
0.0565
0.0564
0.0569
0.057
0.057
0.0569
0.057
0.0859
0.0879
0.0725
0.0853
0.0585
0.0596
0.062
0.1278
0.0602
0.0592
0.0585
0.0763
0.0616
0.0596
0.0589
0.058
0.0584
0.058
0.0581
0.058
0.089
0.1039
0.0777
0.0729
0.0587
0.0577
0.0579
0.0574
0.0571
0.0577
0.0575
0.0569
0.0568
0.0566
0.0622
0.0588
0.0566
0.0569
0.0567
0.057
0.0571
0.0575
0.0572
0.0563
0.0567
0.0566
0.0568
0.0564
0.0566
0.0572
0.0553
0.057
0.057
0.0569
0.0569
0.0556
0.057
0.0568
0.0567
0.0567
0.0566
0.0574
0.0557
0.0567
0.0555
0.0563
0.057
0.0564
0.057
0.0563
0.3235
0.0862
0.0792
0.0856
0.0595
0.0745
0.058
0.0581
0.0567
0.0587
0.1127
0.0573
0.0918
0.0838
0.0835
0.0717
0.1369
0.0948
0.1277
0.2649
0.3482
0.1111
0.3382
0.1185
0.214
0.1081
0.1926
0.129
0.0818
0.067
0.0609
0.0596
0.0593
0.0593
0.0598
0.0593
0.06
0.059
0.1084
0.0601
0.059
0.0596
0.0595
0.0592
0.0594
0.0595
0.059
0.0599
0.0597
0.0591
0.0591
0.0597
0.0591
0.0593
0.0932
0.0715
0.0633
0.0749
0.0782
0.0765
0.072
0.0805
0.0585
0.0567
0.1102
0.0598
0.0569
0.0563
0.0566
0.0563
0.0571
0.057
0.0564
0.0566
0.0567
0.056
0.0987
0.0572
0.0544
0.0544
0.0548
0.0547
0.0807
0.0765
0.0812
0.0784
0.0721
0.0815
0.0819
0.0754
0.0685
0.0543
0.0543
0.0718
0.0659
0.0592
0.059
0.0599
0.0581
0.0577
0.0589
0.0579
0.0596
0.0582
0.0592
0.0585
0.0577
0.0584
0.0577
0.0573
0.058
0.0575
0.0578
0.0596
0.0578
0.0579
0.0587
0.0574
0.0578
0.0579
0.0576
0.0591
0.0576
0.0595
0.1043
0.068
0.0608
0.0634
0.0626
0.0898
0.0651
0.0679
0.0569
0.0607
0.0593
0.0589
0.0584
0.0584
0.0661
0.0582
0.0588
0.0586
0.0615
0.0589
0.0583
0.058
0.1625
0.0539
0.0522
0.0528
0.054
0.0527
0.0841
0.0589
0.0677
0.0608
0.0652
0.0585
0.1014
0.059
0.0819
0.0722
0.0725
0.0689
0.0606
0.0616
0.0745
0.0605
0.0586
0.0588
0.0584
0.0583
0.0589
0.0584
0.0583
0.0578
0.0587
0.0582
0.0581
0.0577
0.0574
0.0584
0.0574
0.0582
0.0585
0.0579
0.058
0.0578
0.0579
0.058
0.0575
0.1017
0.0804
0.0743
0.086
0.0671
0.0779
0.0627
0.0597
0.0602
0.0994
0.0661
0.0605
0.0591
0.059
0.0585
0.0592
0.0586
0.0584
0.0661
0.0579
0.0575
0.0581
0.0585
0.0575
0.058
0.0579
0.0582
0.0576
0.0557
0.0524
0.0541
0.0623
0.0696
0.0705
0.0583
0.0579
0.0563
0.0581
0.0567
0.0577
0.058
0.0578
0.0577
0.0575
0.1534
0.0574
0.0582
0.0574
0.0575
0.0576
0.0562
0.0578
0.0582
0.0578
0.0577
0.057
0.0576
0.0579
0.0564
0.0576
0.0579
0.058
0.0574
0.0575
0.0581
0.0575
0.0575
0.0575
0.0575
0.0576
0.0576
0.0578
0.0578
0.0576
0.0575
0.0586
0.122
0.0693
0.1361
0.0784
0.0924
0.0604
0.0589
0.0849
0.07
0.0641
0.0591
0.1022
0.0624
0.0589
0.0585
0.0626
0.0583
0.058
0.0588
0.0578
0.0583
0.0573
0.0577
0.0576
0.0583
0.1504
0.0538
0.0525
0.0547
0.0615
0.0789
0.0579
0.0578
0.0579
0.0579
0.0581
0.0582
0.0577
0.058
0.0575
0.0569
0.0572
0.0661
0.0581
0.0581
0.058
0.058
0.0569
0.0573
0.0576
0.0577
0.0575
0.0581
0.0576
0.0577
0.0576
0.0574
0.058
0.0576
0.0575
0.0574
0.0581
0.0579
0.0579
0.0578
0.0573
0.0574
0.0566
0.0578
0.0576
0.0568
0.0573
0.0577
0.0573
0.0569
0.0581
0.1357
0.1347
0.0645
0.0638
0.0742
0.059
0.0595
0.0594
0.0645
0.0631
0.0589
0.0583
0.058
0.0898
0.0575
0.0583
0.058
0.0575
0.0582
0.0584
0.0577
0.058
0.0575
0.0573
0.0577
0.0595
0.0525
0.0543
0.0646
0.0687
0.0586
0.0578
0.0577
0.0581
0.0578
0.0578
0.0575
0.0576
0.0572
0.0576
0.0574
0.0587
0.0586
0.0582
0.0576
0.0576
0.058
0.058
0.0578
0.0582
0.0574
0.0576
0.0579
0.0578
0.0581
0.0588
0.0576
0.0578
0.0576
0.0575
0.0589
0.057
0.0578
0.0581
0.0583
0.058
0.0576
0.0577
0.0576
0.058
0.1539
0.087
0.1373
0.1175
0.0751
0.0572
0.058
0.1368
0.091
0.0607
0.059
0.0616
0.0587
0.0585
0.0582
0.0585
0.3262
0.1913
0.0553
0.0552
0.0549
0.054
0.0546
0.2344
0.1964
0.0615
0.0585
0.058
0.0578
0.0582
0.0581
0.058
0.0581
0.0578
0.0582
0.0579
0.0587
0.0576
0.0578
0.0574
0.0578
0.0581
0.0579
0.0575
0.0574
0.0578
0.0572
0.0571
0.0578
0.0582
0.058
0.0574
0.058
0.0576
0.0578
0.0579
0.0576
0.0575
0.0573
0.2569
0.2805
0.0834
0.0594
0.0554
0.2474
0.1194
0.1208
0.0635
0.066
0.061
0.0595
0.0596
0.0582
0.0583
0.0595
0.0581
0.0972
0.0586
0.0588
0.0587
0.0585
0.0585
0.0583
0.0588
0.0583
0.0589
0.2088
0.124
0.1134
0.1439
0.0597
0.0586
0.0586
0.0586
0.0581
0.0579
0.0586
0.058
0.0583
0.0582
0.0582
0.1237
0.0582
0.0583
0.0582
0.0579
0.0587
0.0579
0.0582
0.0584
0.0583
0.0579
0.0715
0.1198
0.0722
0.0591
0.0581
0.058
0.2944
0.0901
0.1317
0.1178
0.0935
0.1096
0.0621
0.0591
0.0582
0.1025
0.065
0.0563
0.056
0.0592
0.0556
0.0566
0.0717
0.0821
0.0616
0.0602
0.0597
0.0599
0.0591
0.059
0.0589
0.0589
0.0586
0.0586
0.0586
0.0586
0.0584
0.0594
0.0581
0.0649
0.056
0.0924
0.0552
0.0581
0.0718
0.0593
0.0583
0.0586
0.0584
0.0582
0.0583
0.0582
0.0584
0.0583
0.0579
0.059
0.0573
0.1686
0.0591
0.0587
0.0585
0.0583
0.0584
0.0582
0.0579
0.0584
0.0582
0.058
0.0583
0.3096
0.0891
0.0762
0.0621
0.0637
0.0689
0.0684
0.0606
0.0597
0.0673
0.075
0.0746
0.0612
0.0585
0.0605
0.0586
0.1082
0.062
0.057
0.0564
0.054
0.0561
0.0557
0.0746
0.0614
0.0598
0.0596
0.0584
0.0585
0.0585
0.059
0.0912
0.0677
0.0585
0.0576
0.0579
0.0573
0.0583
0.0586
0.0598
0.0881
0.0557
0.0528
0.0536
0.0553
0.0879
0.0616
0.0588
0.0591
0.0583
0.0586
0.0591
0.0582
0.0581
0.0589
0.0579
0.0587
0.0585
0.0622
0.0587
0.0582
0.1011
0.086
0.0645
0.0609
0.0611
0.0593
0.0619
0.0594
0.0626
0.0577
0.0581
0.0574
0.0584
0.0582
0.0582
0.0581
0.0583
0.0585
0.0578
0.0584
0.0578
0.0585
0.0583
0.0579
0.058
0.119
0.0582
0.0579
0.1156
0.1156
0.1156
0.0699
0.0909
0.0649
0.0605
0.0593
0.0599
0.0591
0.0587
0.0585
0.0589
0.107
0.0584
0.0587
0.0585
0.0588
0.0588
0.0585
0.0588
0.0583
0.0584
0.1506
0.0566
0.0555
0.0557
0.056
0.0608
0.0596
0.0641
0.0585
0.0577
0.0585
0.0579
0.0578
0.0579
0.0582
0.0591
0.0579
0.058
0.0585
0.0675
0.0582
0.0579
0.0584
0.0579
0.0586
0.0586
0.0583
0.058
0.0583
0.058
0.0584
0.0581
0.0585
0.1141
0.0588
0.0584
0.0579
0.0582
0.0582
0.0574
0.0577
0.0581
0.0577
0.058
0.0583
0.0587
0.0581
0.0588
0.0581
0.0587
0.0582
0.057
0.0823
0.0653
0.0903
0.0976
0.0597
0.0595
0.0584
0.0585
0.0585
0.1047
0.0591
0.0585
0.0577
0.0585
0.0581
0.0583
0.0582
0.0584
0.0583
0.0579
0.0583
0.1137
0.155
0.0877
0.0598
0.0586
0.0582
0.0579
0.0581
0.0586
0.059
0.0584
0.0582
0.0581
0.0617
0.0592
0.059
0.0584
0.0582
0.0588
0.0585
0.0586
0.0579
0.0588
0.0581
0.0579
0.0579
0.0582
0.0583
0.0579
0.0581
0.0581
0.0583
0.0581
0.0578
0.058
0.0587
0.058
0.0584
0.058
0.0579
0.0578
0.0579
0.0577
0.0578
0.059
0.2079
0.2458
0.1815
0.097
0.06
0.1061
0.0647
0.0584
0.058
0.0585
0.0582
0.1024
0.0582
0.0581
0.058
0.0577
0.119
0.1109
0.0646
0.0583
0.0581
0.1419
0.0535
0.0528
0.0524
0.0527
0.0723
0.1037
0.0587
0.0579
0.0596
0.058
0.0787
0.0592
0.058
0.0583
0.0583
0.0583
0.0579
0.0575
0.0652
0.0572
0.058
0.0578
0.0576
0.058
0.0588
0.0579
0.0577
0.0578
0.0582
0.0575
0.0579
0.0573
0.0571
0.0577
0.0571
0.0571
0.0577
0.0581
0.0572
0.0577
0.0578
0.0568
0.1675
0.0992
0.1007
0.0916
0.0785
0.0624
0.1462
0.0769
0.1287
0.0765
0.0834
0.1392
0.1517
0.0948
0.1415
0.2089
0.0819
0.0911
0.1009
0.0965
0.0868
0.2266
0.4673
0.1096
0.0883
0.064
0.0599
0.0592
0.0584
0.0583
0.0645
0.0589
0.0587
0.0923
0.134
0.0588
0.058
0.058
0.0584
0.0578
0.058
0.0574
0.0578
0.058
0.058
0.058
0.0585
0.0584
0.0576
0.0579
0.1299
0.114
0.0576
0.0639
0.0581
0.058
0.0578
0.0583
0.058
0.0576
0.0574
0.1251
0.06
0.0561
0.0553
0.0557
0.0554
0.064
0.084
0.0633
0.0802
0.0662
0.0605
0.0609
0.0602
0.0611
0.1032
0.0593
0.0573
0.0588
0.0586
0.0586
0.0611
0.1618
0.0552
0.0532
0.0559
0.0554
0.0551
0.0741
0.0609
0.0578
0.0583
0.0568
0.0583
0.059
0.059
0.0582
0.0581
0.0587
0.0697
0.0583
0.0593
0.0584
0.0584
0.0586
0.058
0.0584
0.0584
0.0575
0.0574
0.0578
0.0574
0.0583
0.0563
0.058
0.0571
0.0567
0.0581
0.0579
0.0576
0.0581
0.0582
0.0573
0.0581
0.0577
0.0575
0.0576
0.057
0.0586
0.0575
0.0586
0.0581
0.0562
0.0578
0.0891
0.1491
0.1555
0.0701
0.0584
0.0598
0.0597
0.0577
0.0596
0.0587
0.0589
0.0565
0.0584
0.0582
0.0581
0.0585
0.0579
0.0577
0.0582
0.0575
0.058
0.1447
0.1128
0.1109
0.0599
0.0599
0.0588
0.0579
0.059
0.0574
0.0581
0.0584
0.0573
0.0588
0.0586
0.0569
0.0579
0.1644
0.0589
0.058
0.0584
0.0583
0.0582
0.0586
0.0582
0.0578
0.0566
0.0581
0.0585
0.0579
0.0581
0.0581
0.0563
0.0585
0.0575
0.0579
0.0583
0.0577
0.0573
0.0578
0.0578
0.0579
0.0581
0.057
0.0587
0.0577
0.0577
0.0579
0.0575
0.0966
0.1658
0.0845
0.0998
0.0927
0.064
0.0595
0.0584
0.059
0.0591
0.0586
0.0589
0.0583
0.113
0.0586
0.0581
0.0581
0.0576
0.0582
0.0581
0.0579
0.058
0.0581
0.0575
0.1387
0.0538
0.0526
0.0547
0.0566
0.0738
0.0606
0.0586
0.0583
0.0578
0.0567
0.0578
0.0584
0.0582
0.0575
0.0578
0.058
0.0589
0.0579
0.0581
0.0574
0.0578
0.0579
0.058
0.0579
0.0581
0.0574
0.0577
0.0575
0.0585
0.0583
0.0583
0.0576
0.0577
0.0577
0.0582
0.0564
0.0576
0.0581
0.0585
0.058
0.0567
0.0579
0.0577
0.058
0.0582
0.0572
0.0582
0.0576
0.0579
0.0573
0.0565
0.0841
0.0586
0.1021
0.0713
0.1983
0.128
0.0596
0.0596
0.0585
0.0578
0.0583
0.0582
0.0576
0.0574
0.0572
0.0579
0.058
0.0578
0.0577
0.0578
0.0578
0.058
0.0581
0.1431
0.1204
0.1841
0.0612
0.0588
0.0582
0.0578
0.0584
0.0586
0.0582
0.0581
0.0576
0.0579
0.0588
0.1249
0.0583
0.0577
0.0579
0.0581
0.0582
0.0581
0.0575
0.0578
0.0578
0.0581
0.0581
0.0579
0.0579
0.0577
0.0587
0.0576
0.0581
0.0579
0.0581
0.0574
0.0579
0.0574
0.0581
0.0574
0.0578
0.0575
0.058
0.0572
0.0573
0.0576
0.0578
0.0575
0.0585
0.1436
0.0942
0.1567
0.0742
0.0604
0.111
0.0589
0.0573
0.0587
0.0583
0.0581
0.0584
0.0585
0.058
0.0576
0.0582
0.0578
0.0584
0.0581
0.2186
0.0629
0.2276
0.0709
0.055
0.0853
0.0703
0.0603
0.0575
0.0592
0.0583
0.0571
0.0583
0.0581
0.057
0.0574
0.0582
0.0571
0.0696
0.0591
0.058
0.0581
0.0578
0.0581
0.058
0.0579
0.0579
0.0585
0.0581
0.0577
0.0573
0.0581
0.0575
0.0577
0.0579
0.0575
0.0579
0.058
0.0577
0.058
0.0578
0.0579
0.0582
0.0581
0.0575
0.0571
0.1627
0.1557
0.2035
0.0917
0.0659
0.0627
0.059
0.0595
0.0784
0.0588
0.0587
0.058
0.0589
0.0584
0.0587
0.0582
0.0584
0.0584
0.0584
0.0583
0.0566
0.0582
0.0582
0.0574
0.0574
0.0581
0.0578
0.0579
0.0631
0.0533
0.053
0.0534
0.0655
0.079
0.0581
0.0581
0.0575
0.0579
0.0585
0.0581
0.0575
0.0581
0.0579
0.058
0.0563
0.1181
0.0573
0.0584
0.0576
0.0579
0.0569
0.0581
0.0567
0.0579
0.0583
0.0581
0.0577
0.0568
0.0579
0.0578
0.0581
0.0578
0.0581
0.0584
0.0576
0.0579
0.0585
0.0573
0.1975
0.1187
0.072
0.1026
0.0875
0.0742
0.0556
0.0532
0.0621
0.1087
0.0566
0.0752
0.0715
0.0652
0.058
0.0757
0.0629
0.0586
0.0585
0.059
0.0585
0.0885
0.0587
0.0578
0.0579
0.0582
0.0581
0.0586
0.0578
0.1548
0.054
0.0537
0.0548
0.0579
0.0552
0.0546
0.0897
0.0598
0.0585
0.059
0.0591
0.0584
0.0583
0.058
0.0575
0.0587
0.0631
0.0581
0.0586
0.0582
0.0582
0.0591
0.0583
0.0579
0.0578
0.0576
0.0576
0.058
0.0577
0.058
0.0575
0.0581
0.0577
0.0578
0.0586
0.0577
0.0579
0.0583
0.0579
0.0587
0.0579
0.0575
0.0589
0.0576
0.0574
0.0579
0.0582
0.0577
0.0582
0.0591
0.1595
0.1663
0.0819
0.0756
0.0627
0.0601
0.0754
0.0634
0.0641
0.0655
0.1027
0.0586
0.0586
0.0588
0.0586
0.0587
0.0586
0.0587
0.0585
0.0584
0.0581
0.074
0.0582
0.0575
0.064
0.0582
0.072
0.0588
0.0583
0.0585
0.0586
0.0584
0.0584
0.059
0.058
0.0581
0.0582
0.0624
0.0582
0.0575
0.0581
0.0584
0.0588
0.0582
0.0586
0.0576
0.0582
0.0583
0.0581
0.0582
0.0582
0.0583
0.0582
0.0584
0.0579
0.0605
0.0595
0.0582
0.0582
0.0581
0.0579
0.0579
0.0584
0.0579
0.0583
0.0586
0.0586
0.0582
0.0577
0.0582
0.0581
0.1357
0.1369
0.1656
0.0747
0.0856
0.0622
0.059
0.0588
0.0586
0.0588
0.0583
0.0877
0.0589
0.0582
0.0583
0.0581
0.0586
0.0578
0.0579
0.0573
0.058
0.0586
0.0703
0.0566
0.0571
0.0575
0.0599
0.0578
0.0583
0.058
0.0582
0.058
0.0583
0.0578
0.058
0.0583
0.0585
0.0581
0.0591
0.0581
0.0579
0.058
0.0584
0.058
0.0581
0.0586
0.0585
0.0586
0.0583
0.058
0.0585
0.0581
0.0581
0.0582
0.0581
0.0585
0.0584
0.0579
0.0579
0.0578
0.0581
0.0581
0.0586
0.0576
0.058
0.0578
0.0584
0.0579
0.0579
0.0577
0.0582
0.0588
0.0581
0.1575
0.0724
0.0671
0.0729
0.0802
0.0623
0.1784
0.063
0.0592
0.0596
0.0661
0.0587
0.059
0.0586
0.0586
0.0584
0.0582
0.058
0.0582
0.0579
0.1414
0.1279
0.1132
0.0748
0.0591
0.0584
0.059
0.0587
0.0589
0.0581
0.0586
0.0589
0.0581
0.0581
0.0662
0.0583
0.058
0.0586
0.0578
0.0583
0.0584
0.058
0.058
0.0581
0.0585
0.0584
0.0587
0.0577
0.0578
0.0581
0.0585
0.0583
0.0584
0.0575
0.0579
0.0576
0.0582
0.058
0.0578
0.0579
0.0573
0.0579
0.0577
0.0577
0.2655
0.1383
0.1153
0.0762
0.1979
0.0902
0.0721
0.0596
0.0594
0.0586
0.0586
0.0582
0.0585
0.0582
0.0591
0.0583
0.0585
0.0582
0.0579
0.0579
0.0585
0.0591
0.0581
0.0581
0.1206
0.1273
0.1107
0.1179
0.0581
0.0865
0.0597
0.0592
0.0584
0.0583
0.0582
0.0583
0.0582
0.0584
0.0579
0.0586
0.0581
0.1706
0.0588
0.0581
0.0579
0.0584
0.0583
0.0582
0.058
0.0586
0.0587
0.0582
